-164
-120
-142
-132
-86
42
-16
-178
-136
58
-166
-146
56
202
-160
-102
-146
-186
-174
34
-30
-36
-56
-124
-98
-194
-114
-8
54
-222
-262
-152
-82
-266
-112
-276
-166
-8
-152
-120
38
-174
-124
-138
-24
-76
-70
-260
-232
-62
-214
20
46
120
-108
-272
-132
-164
-76
-82
-30
-56
-206
-122
-208
176
-118
-128
-212
-244
-70
-146
-68
-108
16
-236
-184
-222
-4
-160
-154
-96
82
-288
-200
-6
-114
18
-58
-122
-66
-204
-90
48
-118
98
2
-168
-210
-202
-96
14
50
-224
-18
-192
-82
-46
60
-232
-92
-86
-128
228
-130
-242
-2
-294
-58
-192
-180
-182
-248
-224
206
-114
-118
68
-196
-152
-222
18
-200
90
-2
-50
-174
-58
-220
-4
-156
-298
-50
-20
-128
-186
-142
-92
-116
-190
-74
-190
-106
-188
-150
122
-148
-258
176
-208
-224
2
-290
-190
-62
-154
-56
108
-184
92
-176
-188
-228
44
-224
-226
138
2
-200
-170
-230
-128
-26
38
-14
-134
-172
-170
-232
-298
-45
-50
-36
184
-110
130
-36
-100
-176
-56
-258
-232
-214
-140
-218
20
-196
-168
222
56
-174
-270
-26
-186
-98
100
-210
-188
-102
-26
-226
-230
-60
-266
-112
38
-60
-40
-194
-158
-46
-170
-140
-122
-228
-12
-230
-78
-184
-160
292
-72
-220
-154
-60
-96
-184
-162
-150
-30
-256
-238
-254
140
-256
-222
-150
-82
-276
-200
-80
10
-128
-106
46
-30
-206
-202
-44
4
-280
-82
44
-272
-80
236
52
-86
-178
-122
-44
-90
-170
-140
70
-180
-120
-170
-174
-8
88
-186
-194
-80
-58
-26
-178
-70
-140
-224
-72
-188
-56
-104
-256
-204
34
-288
-194
-74
-174
-100
-246
-222
-184
-120
-162
-136
78
-122
-62
-270
-204
-142
-180
-178
-136
-46
-94
-82
-56
-170
-34
180
-42
-208
-34
2
-92
96
-58
-68
-142
-124
-102
-120
-46
-280
-174
50
-10
-166
-182
-66
-134
-110
-172
-160
-168
-256
-4
54
-126
-246
-182
-158
-152
98
-220
-262
-126
-44
-168
-18
-16
-92
148
-236
-126
-108
-36
-210
-238
-144
-42
-56
152
6
-112
-150
-206
-96
-254
-252
-104
66
-148
-208
-106
-26
-192
300
-108
-212
-90
-144
-148
-204
-90
-170
-10
-206
14
-164
-118
-96
-258
-190
54
-130
-216
-128
170
-146
-52
-124
-190
34
-88
300
-8
72
-120
-158
-26
-114
44
-72
-4
-198
8
-206
-152
-94
-250
-166
-26
-60
-148
-168
-190
-204
-284
40
-196
-238
-142
-148
34
-54
-208
126
-262
-98
-80
-86
-200
-134
-194
-162
178
64
-174
-176
-224
-110
-206
-106
-194
-44
22
-22
-268
-64
-180
-158
-44
-66
-146
-166
-46
-232
-130
-220
-156
-8
-14
-250
-120
-24
232
-2
-226
-192
-54
-52
-228
-288
-266
-86
-92
-160
-122
144
-134
-198
-102
-48
-82
-286
-56
-198
-222
-202
-162
-288
-138
-188
-60
138
-142
-196
-154
-4
76
-150
-164
-54
66
-158
-174
-34
-106
-252
-170
252
-170
-160
226
-126
-114
124
-140
-234
-164
-62
-90
-172
-162
-190
-94
-124
-68
-224
2
64
-200
-188
-174
-68
-222
-182
-78
18
-154
-140
16
168
-278
-132
166
-162
-176
-60
-248
-2
124
26
-162
-290
-204
52
-114
-154
-48
10
122
-182
-174
-88
-12
-196
58
54
-136
-130
-186
-180
-196
-70
-14
132
52
-120
18
-62
-78
-34
-172
-104
-130
-120
-158
-56
-24
-46
212
-46
-10
-206
-4
-88
-96
-142
8
-238
-140
172
0
-80
-188
-106
-224
32
-54
-116
-192
-64
30
-180
-142
-200
-132
-40
-138
-30
-218
-118
-72
-114
-14
64
-124
-242
-120
-172
-256
-80
-104
-216
46
30
-278
-2
-84
262
-136
-72
0
-68
-90
-204
-104
-84
36
-250
-78
-80
-122
-86
-186
-150
-128
168
-110
-122
-224
98
-162
-228
-72
-12
-128
-252
-188
36
-52
-92
-182
0
-242
-126
84
-228
174
-170
-154
14
-14
-214
-60
-198
-78
96
-124
-34
-26
-196
-6
-192
-106
-276
-14
-178
-248
-156
82
-200
-198
-272
100
-102
14
-52
-44
-186
-48
-108
-292
-150
-156
-70
-152
-72
-188
-222
-192
-130
22
-42
-160
-114
-150
98
-260
4
50
-14
-168
46
-24
-130
-54
188
-168
-46
-180
-192
16
-146
-30
-68
-56
-30
-178
46
-142
30
-196
-104
-176
-44
-230
-162
-158
-110
-146
140
-272
-98
-106
0
-8
-42
-188
-136
-210
-246
-192
26
112
98
300
-24
106
52
14
-248
24
-10
-228
-212
-108
-100
-212
-200
-240
-236
-248
-88
-260
0
-108
-74
-180
-244
-224
140
-228
-176
190
-44
-128
-86
-186
-74
252
-184
-94
-178
-210
32
46
-170
226
-218
-286
-96
-228
-76
-218
-162
-254
-46
-146
-170
-30
-74
-134
-4
-86
-188
-94
220
-216
-138
-112
52
150
34
-24
-142
-266
-182
-194
-230
-136
-84
16
-218
-164
-154
64
-222
-34
-32
34
-72
-164
-180
-70
-144
8
-198
-34
18
-162
170
-152
-94
-56
-54
-150
-218
56
-78
14
54
-166
-198
-166
-198
-28
-112
-202
-98
-232
126
-154
-88
-30
-270
-108
-98
-112
-122
-206
-106
-206
98
-30
52
-42
-282
-138
198
-204
38
-52
-144
-208
-146
-252
130
22
-170
26
-100
-28
-208
-160
-148
-248
-290
164
-254
-176
-78
-124
-178
-134
0
28
-154
-244
18
52
-88
-256
-254
-170
-124
-16
-204
-190
-114
-290
-150
-4
-174
-160
-188
-98
-62
-206
-4
-80
4
-174
-88
-206
-126
-252
-186
-144
-58
-132
108
54
-240
122
-174
-192
-164
96
218
12
116
-202
-184
-10
20
-196
122
-180
-154
-116
-72
210
-128
-76
-30
-190
-194
-290
-62
-14
-120
-108
-178
34
-124
-94
-80
-78
-100
-134
-68
-106
-150
-300
-156
48
-276
-208
-140
-104
-128
-164
-156
-212
-232
-58
128
-128
-86
2
-226
-252
44
-186
-12
-50
-164
-216
-62
-68
-106
-18
-34
20
-106
-160
-244
198
-256
-192
-80
-92
-224
-188
-102
-190
-88
-204
-210
-116
-86
-76
-222
114
84
-194
-186
-78
64
98
-124
-178
-236
-124
-160
-10
-4
-16
-170
-148
-110
-60
-74
14
2
-192
-204
-174
-226
272
12
150
-124
-260
-230
-72
-140
18
-208
-52
-38
-216
-142
-204
-186
-298
-148
-184
-88
-170
-124
-164
-74
-48
-274
-198
-188
-222
-194
-238
-62
-190
-122
-96
-86
-80
-56
-144
-24
-162
-232
-8
-232
-176
-164
-178
-68
-92
-72
-6
50
-228
-150
-278
-72
6
-274
-134
-232
-26
-70
56
140
-122
-22
-170
-114
78
-96
-62
-28
-58
-242
114
-76
-94
-70
-88
48
-60
-226
-118
-160
-60
-2
-208
-202
-236
-142
-16
-184
96
-50
-94
-86
10
14
54
-170
-232
-154
-72
-92
-138
-184
-212
-150
-96
-6
-26
-86
-92
-188
-220
-36
44
-56
-146
-172
10
-112
-104
-126
-84
10
8
-172
-138
-260
-214
-142
-96
-178
-42
144
2
-98
-14
32
-132
28
-100
-196
-56
-152
-122
-76
-214
-144
-156
96
-200
-56
32
-204
-126
-38
-104
-82
-122
-232
-142
-154
-116
-248
-202
-58
-98
-188
-220
-154
26
-20
-32
-126
-110
116
-182
148
42
-154
-218
-278
-88
-50
-30
-140
-176
-218
-144
-230
-214
-208
90
36
-180
-266
-250
-128
-200
-142
-170
-24
-34
8
-262
-90
-222
0
120
-194
116
-146
-122
-74
210
14
-72
-158
10
-196
-190
-140
-118
-124
44
82
-212
-72
-198
-138
-26
-68
-228
-198
-76
-266
160
-230
-178
-54
-54
-198
-274
-272
-300
-246
150
-182
-154
-76
-176
-62
36
-142
-166
28
-68
-12
198
-144
-92
-234
-132
-218
-160
-194
-68
-114
10
66
-194
-150
74
-218
38
-240
52
-176
-182
-226
-144
-246
-48
-166
-242
-12
-138
-104
-154
-32
-130
14
-230
-202
-162
-48
-58
-52
-152
-72
-190
-138
-234
-8
-162
-104
-216
76
-268
-114
-172
-86
-74
-188
114
110
142
-56
-158
-214
-4
-150
-74
62
-64
-54
-88
50
-158
28
-140
4
-60
-244
-146
294
32
28
-38
-62
-90
-184
-180
-234
-114
-200
-186
52
12
-182
-294
-48
-24
-90
-60
10
-88
-148
-104
-176
-236
-100
-80
-218
-106
-148
-180
-216
-234
-288
-112
30
-210
-144
-244
-34
-22
-116
-68
-44
-180
60
-104
-252
-268
-48
-34
-76
-248
92
-100
30
70
-168
154
84
-22
-62
-224
-210
-120
-92
-206
-32
-200
-196
-110
-96
-116
-114
-200
20
-284
-86
152
-62
-186
-196
-130
204
-200
-202
-118
-170
-52
-196
-64
-120
-162
-110
-192
-118
12
-200
-230
-252
-214
12
22
-150
82
132
138
-162
84
-198
-228
144
-52
88
76
-192
-106
-18
-218
128
-220
-42
-234
-118
-54
-168
-192
-66
-186
-32
-178
-114
68
-160
-70
-82
18
-214
-144
-140
-198
12
-192
-182
-20
-40
-218
-222
48
-50
-108
74
-172
-62
-250
36
-174
-166
54
-140
-240
12
-12
-272
-256
-102
6
-258
-136
-80
-132
92
-196
-18
50
-126
-150
-284
-146
-160
-106
-30
-228
-50
-202
-202
-172
-70
-150
6
-18
-156
-90
-82
-294
-22
-124
-274
-162
-24
-64
-222
-140
-80
-132
-140
-224
-166
-154
-300
174
-162
-282
-18
-276
-34
-152
30
-244
-84
-114
-38
-218
-206
74
-164
-130
2
-130
298
-96
-88
-146
-110
-172
30
-122
-198
24
-150
-196
-144
-68
-226
-24
-148
-108
-174
-198
-164
-186
42
-224
-278
-186
-38
114
-94
-40
-80
-30
-244
-136
-300
-108
10
-20
-192
-114
-54
-272
4
-196
-164
-244
-266
-116
-162
-164
-10
-140
-78
-76
26
-214
-290
-66
-98
-198
-246
-90
42
36
-166
-76
296
-62
-100
-256
-150
-106
92
-182
-116
-140
-16
-108
-146
-92
-172
-162
-2
-90
-160
60
-242
44
-214
-184
-150
-108
-82
-12
-244
-10
-278
-142
-144
-92
-14
-158
-132
-162
-158
132
-6
-140
-100
-164
-148
-36
-180
-64
-158
-228
-226
-216
-86
-236
-46
-24
-236
-78
-208
-246
-134
-214
-8
-202
6
-132
-182
-186
-130
-170
-130
-216
-294
-222
-162
-100
-218
-88
-244
-54
-156
-192
-72
-172
-176
-228
-42
-162
-144
-78
-228
-194
-98
-140
-198
-166
-128
-22
40
-166
-182
30
-92
-96
-174
-104
0
-46
-82
-262
-204
-16
-220
-18
-140
30
-40
-60
-40
-158
-234
-170
-196
-24
-92
-190
48
-184
-52
-52
-152
-230
-202
-14
-202
-190
-120
-296
-34
76
-78
-38
-108
-184
-250
200
-192
-248
-140
-178
-104
56
-70
-118
-52
-182
-92
10
-112
-248
-52
-212
-84
146
-152
-194
-166
6
-92
-200
-168
-68
-148
-184
0
-194
-214
66
-242
-8
-58
-50
-50
-112
-154
-54
-272
-146
-112
-116
-216
-22
-200
-54
-252
-160
-196
-120
-138
-102
-62
-100
-58
-102
-148
-126
-258
-68
-134
-86
-128
-144
-278
-220
-262
-100
-70
138
-238
-204
-46
-60
-216
-300
22
30
-2
-2
-118
-108
-160
-52
-136
-84
-156
-160
-194
-266
-38
-10
-88
-162
-36
-280
-300
-180
-224
-74
-102
-90
14
-196
-162
-170
-254
-144
64
-10
-82
106
-36
-178
-128
-68
-278
-148
-22
106
-266
-30
-132
-188
-178
-252
-184
-72
-2
-208
-126
-110
-258
-34
-198
-32
-168
-290
-248
-128
-106
-102
-216
-192
-68
-146
-76
-260
-120
-230
-234
-268
-204
-146
-186
-152
-124
-174
-196
-288
-120
-164
-84
-254
-118
-278
-118
-230
-242
-76
-208
-50
-252
-46
-20
-198
-134
-176
-202
-114
-234
242
-140
-144
-156
-122
-8
-106
-264
-264
22
-250
-190
-168
-142
-234
-260
-86
-134
-300
94
36
-218
-216
-262
4
38
-130
86
298
-56
-266
-18
-84
-84
-48
-110
-152
-122
-46
64
-146
-118
-104
-284
-242
-74
-272
-166
170
-202
-286
-152
-60
-106
36
-220
-138
-224
-142
-60
-200
-132
-220
174
56
-112
-78
14
-190
118
-120
-94
-86
-110
-84
-286
-210
-220
-148
-178
132
-44
58
8
16
12
-144
-178
-236
-18
-274
-44
-154
140
-44
-252
-162
-122
92
-132
-126
-134
-66
-212
-284
-222
48
60
-80
-206
-32
-100
46
-132
-124
-66
-110
-198
48
-134
-298
76
-280
-90
-114
-122
-204
92
-120
-254
-152
-30
-94
-290
-256
-118
176
-102
-114
-34
-116
-262
-170
-278
-232
-210
134
-184
-238
-30
-12
-118
-150
-154
-66
-24
-144
-158
-6
-26
-166
-182
298
-48
172
-28
-256
-224
-144
-78
-224
-78
-220
-230
-172
-202
-220
-64
-220
92
-164
-82
-226
-210
-24
-14
-98
-218
24
-20
-34
-48
-258
-240
-260
-76
-130
-98
-128
-6
-170
-124
-142
-108
84
-88
-68
-258
-164
-104
-138
152
-168
-148
84
-198
-10
-212
-234
38
-68
-106
-24
62
-74
-172
42
-186
-64
68
-250
-36
-84
-90
-150
-52
-232
16
60
-42
-282
-90
-38
-262
-162
152
-102
-232
246
-34
96
-162
-254
-90
-68
-68
-180
-132
-244
0
-64
-292
-12
-246
-84
-172
-194
72
-116
-182
-40
-186
-222
-156
-86
-88
-188
-142
-30
6
-170
-86
-214
-104
-250
-68
-96
62
-284
-18
138
-102
-242
40
-48
80
-264
-212
-146
-226
-4
-268
186
-86
56
-134
-118
-210
-22
-118
-126
-132
6
-162
-110
-140
144
-268
58
-254
-82
-210
-66
-86
-218
-110
-70
-188
-268
14
-88
29
-244
-114
-182
-218
2
-276
198
-2
-84
-138
-68
-196
-160
-170
34
-158
-202
-74
-100
-238
-112
-216
260
-92
-12
-108
-180
-112
-216
-12
-32
-2
-106
-94
-200
-122
-44
-56
-52
-278
-124
-74
-96
4
-14
-146
4
-242
-196
-98
-38
8
-110
-70
90
-158
-54
-202
-194
-244
-90
-272
-254
-178
-250
-228
-92
-88
-112
-156
-40
20
204
6
-94
-72
-192
-108
-40
-148
-42
-156
0
-234
-264
-212
-238
-70
-130
-146
-30
62
-120
-182
-100
38
-102
-86
-172
-40
-218
-288
-288
-68
-100
-8
-236
-116
-176
-172
-118
-274
-288
-36
-182
-4
24
-8
144
-10
-102
-154
-94
66
-260
-112
-118
118
-116
78
-250
-110
-122
-12
186
-104
-16
-196
-222
-210
-138
-156
108
-90
-10
-162
-16
212
-62
-82
-258
-218
-166
-172
-104
-134
-92
-30
12
-156
-162
-42
54
-230
-44
-92
100
-220
-108
-180
-110
-88
-32
-170
112
-162
-160
-112
8
-66
-274
22
-52
-100
-162
-92
-218
-54
-124
-50
-166
-158
-90
-142
-48
-50
166
-174
-90
106
-76
-156
-34
-264
44
0
92
-142
-50
-170
-216
90
-122
-212
-208
-158
-110
-186
-208
106
-80
-182
-290
-106
-220
-50
-232
-60
-120
-206
-136
-238
-242
-252
-66
-202
-188
-122
-8
-134
-210
58
-88
-252
-232
154
-288
-126
-228
-120
-224
-238
-172
-164
-212
-176
60
-224
-174
-156
-244
-56
104
-160
-254
46
-32
-40
-110
60
-174
-60
-92
-36
-182
-78
-86
-176
-56
-250
-110
-242
-130
-284
-66
-144
-168
-56
-206
-242
-248
-266
-236
-106
-216
6
-162
-192
-66
-160
-216
-194
-120
-236
-40
-242
-200
-66
-74
74
-192
134
-232
-172
-94
-166
-152
-256
-158
-208
-4
-136
250
-70
124
192
8
36
270
-108
-92
14
6
-104
-178
-172
-178
-50
-212
-4
-102
-2
-220
-72
-104
-156
-62
-192
-20
-38
158
-82
-218
-218
-258
16
44
-6
-32
-216
-204
46
42
-226
-240
-204
-148
-94
-126
-274
-88
-168
6
-52
-54
-160
-184
-198
-50
-26
-162
-88
-14
-184
-10
-206
-100
-246
-150
-160
-150
44
-220
208
-196
-196
-64
-120
-10
-284
34
-108
-226
-270
-186
124
-138
-34
-146
-94
288
-60
-70
-76
-4
-226
-198
-2
182
70
-202
-270
-82
136
-140
-128
-84
-110
-112
-206
-88
-46
-268
68
-2
-130
34
-30
-120
92
-216
-6
-56
-44
-136
-220
-116
48
-80
-228
-208
-188
-188
-154
30
38
-284
-146
10
-258
-182
-148
94
-232
-194
-74
-230
78
-16
104
-128
-248
4
208
-232
-180
-208
-104
160
-86
-172
52
50
-114
-178
-214
-204
-104
-114
50
-168
-56
-196
-56
-86
-142
-104
-166
152
-110
-232
-152
-52
82
-54
-76
-164
176
-256
-140
60
-116
-98
-62
-34
-90
-154
-162
-114
-280
-92
-98
-74
-194
-244
-176
-44
-158
-156
-100
-144
-42
-246
24
-238
-210
-72
-90
-158
-160
-280
-140
-104
-268
-160
-142
-102
-218
22
-124
-94
38
-48
-266
94
-182
-94
-126
-134
36
-38
-2
-94
-188
-134
-182
-194
-96
-12
-266
-252
66
12
-100
-268
-126
-234
-102
94
-194
-92
-46
-188
-160
-156
-124
-72
-130
-194
8
-94
-108
-134
-20
-24
-186
-212
-42
-58
-150
-234
-152
-148
44
-164
-8
-16
-228
-194
-86
-128
-22
-140
-76
-180
40
-228
-34
-106
-254
-182
-180
-260
66
-170
-6
-242
-250
-128
-58
-88
-36
-220
-272
-60
-76
-78
-210
-228
-48
-264
-84
-254
-24
-214
-182
-270
-132
-234
42
-150
-160
-190
-4
-148
-110
10
-252
-168
-290
-32
-142
-8
-64
-94
-274
-40
-182
-274
-128
-16
-76
-38
-280
106
-76
60
-166
-78
-206
-278
-44
-274
28
-30
-216
-154
-226
-162
-118
-200
-200
-122
66
-230
-176
-104
-138
-112
-148
-68
-190
-182
-94
70
8
-84
-2
286
-208
152
-262
-172
88
-30
58
-204
-14
-94
-148
-104
-136
-100
-242
28
-110
-150
-148
-18
-84
-112
-258
-228
-142
-144
-94
-42
-82
-140
-76
-156
-100
-126
-152
-148
-106
-88
60
272
50
-104
82
0
-190
-60
-48
-142
-86
-276
-190
-106
-136
-280
-118
-96
-254
-24
-128
-56
-56
26
-216
-162
-88
-138
-162
114
-222
-20
-222
-116
-36
-250
-202
-164
-234
114
-212
-180
-190
-142
-182
58
-272
-124
-194
-32
68
-272
-42
-190
-202
-206
-40
-94
-244
-16
-38
-176
-212
-82
-158
-162
50
-78
18
-236
-104
-228
-242
44
-234
-2
30
-110
-114
-214
-122
-18
-26
-14
-36
294
-190
-218
-254
-216
-62
-204
-178
-8
-66
-20
-184
-136
56
-276
2
-262
-82
-206
64
-90
6
-52
-6
-46
-74
-262
-44
-222
-118
-64
-248
-172
-230
-160
100
-232
-174
-104
-232
-128
32
-52
-24
-170
-234
-58
-206
-242
-132
-136
22
-142
-158
-16
12
2
-108
-12
-92
-166
214
-98
-236
-160
-100
-138
-88
276
-218
-164
-124
268
-104
-110
-110
-100
-228
-262
-182
-188
-154
-130
-174
-68
96
-36
-248
-112
-18
-58
-206
-28
-66
-58
-198
-162
-84
-112
-80
-150
-46
-28
-260
68
46
-86
-82
-180
-150
-28
-112
-290
-148
-100
-18
-166
-172
-286
-270
-156
-64
-258
-176
-222
62
-116
-206
-104
-244
150
-116
-16
52
-106
-170
-192
-160
-128
-150
14
-218
-158
-104
-42
-38
-122
-248
-32
-208
-232
-284
-28
-116
-174
-160
44
-88
-122
-262
-204
-136
-86
-254
-106
-4
-224
-208
-186
-168
58
-96
-244
-88
-180
-142
-212
-190
124
78
-100
-164
-84
-264
-50
-66
-2
-66
-140
-126
-190
-66
-174
-110
-148
-100
-80
-76
110
-90
76
-130
-244
-176
-174
-70
-76
-132
-68
-98
-170
-74
-282
-262
16
-150
-98
-234
-182
-274
204
-114
-70
-44
20
-250
4
-30
-76
-114
-100
-144
-216
-74
-12
-84
-168
52
-130
294
122
-174
-108
-266
-246
-208
82
-82
-98
-48
-188
-208
-128
100
-148
-186
8
-164
-168
-84
-290
-218
-140
-240
86
-170
-120
110
126
-82
6
18
-38
-54
-212
-244
-52
-116
-2
-172
-4
-278
-276
-242
-174
-192
-48
-226
-268
-252
-132
-222
-200
-186
-200
-110
-104
-136
32
-52
66
28
-146
-114
-98
-140
-66
-222
-14
-164
-40
-272
2
-20
-166
-180
-4
-164
-84
18
2
-54
14
-146
-274
-134
-122
-256
-212
-76
-250
78
-112
260
-46
-90
-162
44
92
-104
-144
-92
-228
-74
-158
-148
-202
-202
30
-274
-116
14
-158
-128
-208
-278
-80
-38
-122
-204
-64
-132
-98
18
-18
-84
-230
-96
-222
-52
-30
14
-14
48
162
-188
-290
-58
-78
-110
52
-62
-70
-68
-162
-206
-76
-226
-172
-168
-154
-264
-52
-4
-84
-184
-212
-156
-234
-20
-186
-140
-50
82
-106
-138
46
-148
-50
-62
-190
-158
-164
40
58
-46
38
-42
-180
-96
-216
-80
-140
-66
-150
-248
-142
-206
-188
-110
-156
92
-204
-62
-144
-258
-140
-148
-132
-100
-132
-126
-148
-160
-228
-54
40
-248
-92
-208
-230
-54
-84
-82
-128
-102
-156
-234
-88
-56
-112
-186
-226
-176
-232
-106
-224
36
-146
-130
-12
-14
-6
-164
-62
-274
-46
68
-228
-80
-234
-120
-192
-158
-174
48
-44
-162
-224
-250
-82
-192
-100
-28
-136
-156
-150
-168
150
-164
20
-32
-182
-250
-118
-110
-94
-254
-186
-148
-112
-14
-60
-18
-140
-156
0
-128
-140
-230
-162
-76
-98
-178
-162
70
32
-50
38
-160
-166
-46
-160
-286
-24
-136
-170
-272
-238
-146
-158
-130
-70
-196
-4
-234
-114
-130
-258
-144
-34
-48
-200
-146
-118
-236
-218
-148
-176
-126
-86
-102
-196
-68
-76
-118
-96
-162
-170
-180
-92
-218
-268
-248
-142
-212
-214
-226
-220
-118
-68
-126
-218
-56
-150
-260
-62
26
-112
-106
-180
-160
-132
-114
-258
-202
-90
38
-238
38
-230
-280
-168
-156
-78
134
-148
42
-148
-116
-192
76
-32
-246
-150
-166
32
-128
-172
-154
-24
-78
-228
-76
70
298
30
-64
80
-108
-6
26
-122
-48
-286
46
-198
-142
-282
-180
-72
130
-170
-190
58
-106
-162
-110
-172
-36
-14
-56
-202
-194
-228
110
-84
12
74
-168
-192
-172
-140
-144
228
-188
-256
10
-220
-32
-148
-48
-244
36
-110
-142
-188
-78
278
-72
-256
-52
80
-116
-148
-142
-112
-38
-60
-262
-136
18
-144
-108
-64
-236
-136
-36
-210
-216
-72
-52
-2
2
-56
-276
82
-36
-38
-22
42
-228
-222
-58
162
68
-136
-80
-240
240
-160
-248
-210
-50
-90
36
-200
-122
-182
2
-110
-44
122
-46
-218
-54
88
-92
-236
-232
-226
-278
-150
-66
66
-264
-142
-286
-224
-146
-182
-2
-68
-124
-286
-176
-106
-110
-140
52
-68
-122
-202
-168
-154
-78
0
-138
-150
-114
-234
-90
-76
-174
-116
-258
-210
-60
92
-16
-122
-174
-116
-58
-120
-148
-270
-212
-156
126
-174
-248
154
-44
0
-244
-140
-128
-66
22
-96
-92
-144
-226
-58
-112
-70
-114
-190
-196
-54
-204
-14
-190
14
-246
-126
-176
-282
-240
-92
-100
-156
-26
-198
-178
-162
158
-154
-224
28
-230
-54
86
106
-52
-286
-106
-252
-56
-152
-168
-92
-264
-86
-154
-62
-108
-14
-126
-90
-4
-244
-140
-174
-34
-56
-68
-160
36
-130
-208
-230
-226
-180
-74
-200
4
-100
-68
-150
-196
54
-116
-118
-192
-164
-180
-32
-150
-114
-164
-70
-276
78
-30
-26
-10
-180
18
-64
-12
-90
-146
-146
-152
-132
-232
-278
-212
-224
-86
76
-24
16
-280
-162
20
-186
-40
-148
-42
8
-158
-124
-146
-136
-220
-84
-152
-24
74
6
178
-80
-166
-162
-184
-60
-196
-48
-168
-50
-208
-164
-76
102
-96
-164
-18
-72
4
-266
-136
86
-128
-80
-170
-128
142
50
174
26
-72
-138
68
-96
-202
-266
92
-136
-58
-200
-98
-116
-234
-192
-222
-138
-224
0
-94
26
-276
-196
-228
-78
-226
14
-200
-86
-212
-202
-14
-88
-108
-194
-102
-232
-118
170
-18
-68
-30
-204
-206
-78
-12
-30
-104
-102
-172
-112
-78
56
-146
-196
-56
8
-152
-162
-110
-16
-232
-188
-264
-96
106
-36
-116
-192
-96
-98
-284
-160
22
22
-170
-114
-176
-234
142
4
-128
-84
-64
-80
-202
-90
-2
-212
-136
-142
-12
-114
10
-116
-142
-32
-248
30
8
152
-180
-78
-178
60
-184
-92
-56
-126
-88
-164
-276
110
-112
46
46
94
-224
-44
-4
-120
-66
-170
-220
-102
-238
-162
-128
-48
-210
-186
0
-100
-122
-176
32
10
-128
-194
-224
-168
-94
-202
-134
-42
-82
-148
-28
-276
100
-252
-144
-220
-140
-198
-32
-150
-120
-146
-18
-204
-172
-76
-46
-254
-222
-76
104
-182
-30
-250
-212
-36
-138
-124
-42
-134
190
-78
-214
-108
-210
-216
-94
78
18
-110
-118
-116
-164
-156
-24
-120
-150
-80
-128
-166
-84
-132
-180
-134
-230
-78
34
-154
-226
-226
-90
-84
-154
-208
-234
-192
12
-98
-284
-38
-128
-276
-266
-204
-224
-276
-2
120
-36
-222
-104
-254
-124
-102
-140
-48
-166
-76
-184
16
152
-238
-274
-96
-4
-232
-234
-128
-114
24
-152
18
-168
-150
256
-202
-204
-78
-158
-8
-32
-194
112
-72
-202
-286
-256
-64
-214
-50
-20
-232
-52
-138
-166
-214
-258
156
-152
-230
-248
-204
-152
-244
-248
-76
-204
-274
-126
-134
-96
-140
-116
-110
44
-46
-24
-106
-160
-244
-74
-160
-4
-74
72
12
-130
-134
-130
14
-210
-186
18
-122
-68
-294
-176
70
-204
-236
-196
-222
-172
-106
-174
-142
-262
-64
-66
84
-30
-112
-244
-224
-210
-158
-116
-196
-178
-172
-16
68
108
-36
-156
0
-172
-186
-262
-142
-70
-84
-196
-222
-196
-22
-152
142
-84
-246
-184
14
-160
-220
-100
-220
-130
-156
-146
-64
-148
-150
-92
-44
-226
-112
-174
10
-50
-188
-48
84
-74
-236
20
-34
-222
-152
-118
-64
-52
-228
-262
-158
-78
-150
-82
-88
-104
-220
-254
-182
-118
-162
-156
-180
-60
-62
0
-182
-74
-110
-218
-86
-142
-122
28
-136
-160
-128
-20
-44
-48
-256
-68
-240
-286
-90
-286
-126
-224
-116
-186
42
-134
-254
-122
0
-78
134
-82
-292
-296
-192
-192
-174
-236
-166
-110
-86
-160
-296
-78
-194
-152
-28
-284
-176
176
-62
-86
-58
-118
-4
-200
-92
-136
-148
-148
-114
112
-206
216
-164
-86
-230
-186
-228
-132
-174
-68
-96
-130
-188
-172
-124
44
-94
-92
-74
-182
174
168
-36
-258
-194
-116
-230
-66
-230
-112
42
-162
-228
-192
-104
-108
-252
-188
-156
-228
102
-30
8
68
2
-28
-174
202
42
-238
-128
-204
-296
68
-184
-30
-212
-184
-260
-154
-156
-118
20
-42
-288
-80
-194
-88
-178
-152
-198
-90
44
-70
-24
-198
-22
48
52
-146
-194
16
-16
-122
26
-48
-164
-176
22
-92
96
-88
12
-300
-248
-76
-222
-170
42
24
-54
24
174
-198
-100
-134
6
-148
-288
-160
-206
108
14
-108
-122
-108
-272
50
-18
44
-4
60
-232
-32
50
-182
-138
-172
-242
-258
-144
-136
-70
-148
-32
24
-250
-46
-30
-48
-26
-126
-178
-30
-218
90
-176
-214
90
-176
-104
-30
44
-272
-86
-10
-172
-48
36
20
-140
-114
-172
-148
74
-274
-38
-176
100
-216
-106
-178
24
-292
-222
-122
-190
28
-60
34
-108
-16
-126
148
-140
-104
58
-236
-58
-52
-194
-142
-234
-250
-170
-44
-244
10
-260
-166
38
-70
-136
-118
-182
-168
22
-196
-194
-112
112
-256
-252
-22
-14
-90
-170
-96
-214
-194
-216
-112
-242
-234
-114
-62
-32
-112
-96
-274
-98
-182
-206
-2
-16
-186
-156
134
158
-80
-166
-158
-130
-82
-188
-100
-190
2
-186
-130
-72
-154
24
-210
178
22
-200
-188
-202
-84
-174
-166
-248
-266
-250
-178
60
-230
-132
-194
-96
-36
-130
-250
-206
-178
-72
16
-116
10
160
-92
-148
-220
12
-98
164
-148
-60
-172
-10
-64
-44
-178
-18
-166
14
50
-22
-154
-220
188
-102
118
82
-82
-204
-52
88
-254
42
-214
-64
8
-188
-60
-166
-46
-200
178
-84
-170
-82
-144
-94
-58
-76
-132
-64
-230
-154
298
4
-54
76
-74
-146
-194
-202
-292
22
-256
-132
120
6
66
-84
-142
-92
-144
-210
-44
-222
10
144
48
8
-10
-162
102
-172
-232
-226
-90
-74
-218
-144
-138
-92
-132
-192
2
-138
-42
-158
-232
136
-78
-268
-158
-156
184
-244
-274
210
106
18
-134
-212
-190
-52
-150
-180
-114
-142
-114
-90
-78
-188
-82
284
-156
-78
-148
272
100
-158
-180
200
-68
-274
-48
-198
-166
64
-70
-280
-86
-118
4
-12
-236
-160
-244
-128
256
-202
-142
-120
-140
-228
-12
24
-78
-182
-236
-38
-168
-266
52
-112
-242
-50
-26
-96
28
12
-136
292
-66
-276
-154
-28
-94
-198
142
176
-62
-84
-226
62
-192
-12
-34
2
22
-232
-180
54
-174
-290
-288
-214
-180
-148
-232
-104
-284
218
60
70
-254
-242
-262
-194
-88
-234
282
-42
-270
-52
34
-192
-122
110
36
-136
-252
-134
94
-100
-294
-226
-78
38
46
-176
-48
-198
60
-178
-188
-216
-134
-118
-78
-74
-142
-166
-28
-276
92
-154
-180
-4
-128
-72
-204
-128
-76
-24
-178
-126
-26
-200
-190
24
-222
-214
-208
-66
208
-188
-28
-18
-96
-136
-290
-204
-142
-196
-106
-200
-294
-46
-70
-258
42
-34
-138
-36
-214
-80
30
-24
-234
-190
-108
-92
-110
150
-56
-140
-188
-58
-6
-40
98
-228
-42
-148
-164
-72
-8
-176
-132
-118
-186
-118
-206
96
-178
-242
-46
-104
-250
-216
-44
-122
-104
-192
-244
-116
-238
-64
-98
-16
-130
-60
-188
-130
-228
-104
-118
-188
-240
-128
-142
-228
136
110
-256
-130
-76
-38
-240
-34
-240
-150
-224
-10
-256
-76
-116
-224
54
-106
-30
-184
-148
-222
-232
-26
32
-38
-110
-34
-268
-166
-220
-162
-260
-92
-80
-196
-166
-276
-110
-20
-62
80
-200
-104
54
102
-54
-272
-292
-80
-130
-250
-194
-108
44
-34
-152
-20
228
-298
-250
-156
-34
-22
-122
84
-182
-112
-134
8
-70
-218
-180
-260
-98
-130
-62
-78
-70
-120
-40
-102
-4
-136
-160
62
-204
-100
-114
-82
18
-204
-156
-80
-160
-134
-114
-226
-130
-262
-74
-184
-68
-236
-172
-250
-230
24
-100
-30
14
6
-274
-152
-130
-242
68
118
-196
-120
-280
-174
30
-80
-230
-180
-144
66
-118
-26
42
-232
-8
-120
-216
-104
-100
-196
-180
-140
-190
-212
-194
-58
104
-122
-250
-256
-70
-4
-32
-102
-174
-282
-74
-98
-182
40
-78
-134
-74
-112
-94
-44
-42
-272
-52
20
-154
-194
-104
64
-212
-262
108
-160
-200
-196
-142
-76
114
12
-136
-176
-254
-174
158
-276
64
-152
-162
-98
-36
-30
-38
-4
102
216
-132
-120
-108
-108
-284
-252
-170
-80
-296
282
-244
-236
-198
-22
-70
-170
-48
-252
234
-198
-224
0
-192
-210
-146
-36
-90
-158
-186
-102
-166
-194
-170
-58
106
-144
-168
-6
-90
-38
-268
-192
-236
-4
-128
106
-118
-252
-198
-152
-34
-68
-140
-32
-82
-218
-188
-78
-100
-20
-20
296
-120
-278
114
-166
-240
-178
108
-218
-28
-18
-230
18
-188
2
-268
-26
-176
44
-74
66
20
-66
20
-256
-26
-50
-194
-180
80
-120
-158
-46
-246
-84
-256
-266
-54
-238
-136
-198
-136
-220
-182
-178
-198
-76
-160
-232
-50
-20
-98
-128
-178
-206
226
-210
-82
-198
-30
-158
-194
-132
64
-190
-42
-4
34
130
52
-202
-274
-106
-212
-136
-214
-214
-182
-192
2
-24
-178
-176
-54
-74
28
-234
10
-46
-28
50
-66
16
122
-284
-192
-164
-158
-94
-142
-218
-262
-222
-52
-22
-156
34
-76
-44
-178
-24
-32
-162
-172
-76
196
-174
-232
-118
-64
-194
-40
-132
-124
-40
-184
-136
-232
4
-20
-142
-32
-224
-166
-112
16
-192
-110
-198
-130
-38
-190
-18
140
-204
-236
-66
-222
0
-218
-172
-106
-76
-80
-2
-54
-80
-72
-190
-220
-154
-198
-152
-250
-120
-18
-102
-52
-72
-216
-274
-70
-200
8
-196
226
-172
-158
-82
-236
-272
-82
-74
-200
-78
-26
-294
-246
-278
-208
-116
-258
-108
-138
-88
-144
-168
-212
-36
-164
-198
-178
-204
-260
-198
-172
10
-278
-226
-120
-78
-228
-150
-120
-276
170
-300
-110
-52
-186
-152
-30
-168
-100
-150
-164
-238
-230
-34
-78
30
-60
-126
-184
-92
-80
-18
-154
-144
-220
-82
-162
48
-142
-214
38
-104
-80
-34
-118
-24
-232
36
-268
-180
-212
-146
-154
-6
-142
-244
-126
-22
-206
-250
100
-230
-162
-44
-170
-236
-178
-104
-112
40
34
-22
-118
-280
36
-188
56
-22
272
-248
-162
-96
-88
2
-266
-226
-152
-92
-36
-208
-112
-200
-132
-230
-64
-136
4
-266
-190
-48
-36
-74
-254
-36
-86
-200
-50
40
-208
-92
-140
-246
112
-56
128
-142
-92
-132
-148
76
-66
42
-172
8
-276
-76
-56
-136
-118
-114
230
4
-92
-92
-136
-136
-82
-76
-56
300
-58
70
138
-206
22
-76
-154
-30
14
10
-62
-154
144
-44
-164
-184
-204
-72
-48
-94
-38
-164
-206
-76
-74
84
-100
106
-200
-32
-52
-120
-188
-138
-148
-288
-244
-194
-132
120
-222
-236
-158
-86
180
-234
-6
210
146
-68
-126
26
-190
-72
-84
-180
-52
-250
-146
-4
-294
-264
-116
-52
-166
-198
-98
-60
-130
36
-168
-260
-68
-104
-38
298
-196
-62
-244
-178
-176
-50
-214
-188
-72
-6
-200
-164
-16
-30
-188
-82
46
28
-16
-118
240
-216
-222
-72
-134
-76
-62
-166
-34
-36
-58
14
-174
-152
-162
-250
-118
94
-132
-222
-144
-186
46
-156
-80
-38
-190
-128
-204
-56
-96
-130
-146
66
30
-82
-164
-54
-20
-86
-80
176
30
-30
-20
-16
-40
-212
-224
-82
-114
-34
-74
22
-142
-190
-240
116
-66
-228
-224
-224
-40
-58
-252
-92
-192
36
4
-78
-156
-92
-112
-214
-102
-182
-220
-104
-126
56
-86
-204
-124
-88
-104
-272
76
-120
14
-196
82
-84
-90
-78
56
-204
-24
-214
-126
14
-288
-108
-252
-228
-234
-56
-78
-240
-164
-138
94
-154
-14
-230
-150
4
-82
-104
-284
-182
14
-148
-106
-26
-230
-132
218
-244
164
-156
-140
-232
-216
-244
-30
-102
-260
-102
-150
-116
-270
-136
-78
-246
-116
82
-74
-58
-74
-128
26
-118
-154
22
-262
-84
-62
-200
-198
-176
-54
94
-58
-220
-86
-216
10
-202
-164
-246
-152
-100
-70
-10
-124
-152
-204
-112
-258
-206
-96
-74
208
-136
-180
-108
-34
-94
-162
-244
-184
-92
74
-100
138
136
-76
-112
-112
68
-130
-190
70
-38
-32
128
-190
-188
52
104
-146
-140
-98
-200
-176
-250
32
-160
-26
-200
-198
-218
-102
-16
56
-258
106
136
-78
-178
256
-274
-36
-224
-116
-190
-148
-72
-68
-50
260
-298
-96
-144
114
68
-180
-28
-150
-212
-60
-200
-196
-14
-210
-234
108
-262
-198
100
-232
146
-158
-124
-222
-4
-62
40
168
-66
-186
36
-128
-20
-74
108
-218
-214
-176
-218
-84
-200
-42
-130
-140
-168
-238
-182
136
88
-32
-60
-194
-250
-36
-178
-144
-52
-164
-266
-178
-174
236
-186
-236
-228
-230
210
-244
-96
-82
-154
-176
-112
20
-158
44
-232
150
-228
-14
-188
-172
54
-28
114
-140
-230
-128
-168
-190
-106
-232
-62
-32
-128
-134
-108
-256
84
-210
174
-142
-6
-44
-248
-128
-44
-142
-70
-184
-158
-56
-188
-156
-168
-254
-232
-100
0
-270
-82
-56
270
30
40
-128
-208
-152
132
-188
-102
-204
-174
-212
-50
-170
-110
16
-66
-70
-172
-218
-94
-264
-190
-158
-192
-38
-90
-176
-210
-16
-208
114
76
-248
-28
-98
-104
-190
198
134
-298
24
-132
-200
-118
-268
84
-216
-262
-170
-214
-206
124
-182
-154
-260
-204
-28
-26
-36
-96
-186
-134
48
186
-110
-154
-66
-86
-94
-24
142
-42
74
-222
-192
-24
-168
-122
-214
-258
56
-222
-216
-224
-152
-242
-132
-48
98
-30
-146
-80
-144
-24
-240
-136
166
-128
-84
-228
-236
-106
-222
220
-238
-168
212
-68
-234
38
-58
-18
-200
-20
-142
2
-88
-210
-230
-100
-86
-128
-92
-214
-192
100
-140
-116
-226
-154
-170
-228
-40
-218
-166
-110
12
-84
-106
-112
32
48
-190
-108
-216
-178
-50
-240
-212
-90
-50
-110
-48
-68
-46
20
-190
254
-76
-136
-22
-164
-204
114
-20
-10
-32
-152
-182
-128
-210
-290
-88
-78
-118
-156
-66
220
-150
-230
44
-256
-32
96
-118
-108
-196
-106
-254
-44
-106
-130
-104
-80
-112
-176
-166
-246
10
-178
-148
34
-120
-190
-66
-92
-194
-32
292
-258
34
-122
-232
-284
-186
204
-162
-192
-110
-2
-82
-154
-228
-50
-128
-248
-230
-252
-50
-16
-150
-60
-282
-186
-28
172
-262
-112
-210
-98
-88
76
-94
-170
-26
294
-16
-190
-230
-50
-30
-116
-166
-136
-154
-34
-152
-198
50
-118
-270
-16
-170
-286
-84
-180
-142
-96
-246
54
-112
-170
-222
-176
-172
56
-132
-224
30
-226
-132
-6
-174
-204
-290
-92
-82
-260
-232
-138
-102
-218
-78
-278
-142
148
-114
-40
-8
-290
-144
-178
-114
-128
-170
-82
-56
-162
-300
-96
-266
-192
-248
-188
-122
-80
-184
-168
-10
-30
-48
-22
-238
-68
-32
-120
-6
-242
-56
-152
-204
12
-152
-268
-266
-128
-224
44
-112
-146
-26
-172
-258
-98
-98
118
18
-262
-132
-110
-158
-94
-256
-126
-92
-36
18
-278
-128
-300
-166
-112
-168
18
-178
-164
-154
-102
-40
-72
-152
-196
10
-2
-118
-16
-106
-76
-78
-48
152
-200
-204
-256
-78
-160
176
32
-90
-210
-218
-206
-28
-132
188
-158
20
-96
-44
-48
-194
64
-176
-200
-32
-172
-204
-200
-222
-26
-84
-226
-278
-216
-240
-150
-200
-144
-84
-212
-68
-182
-188
-108
-16
26
-26
-218
92
-168
-210
78
-146
60
-72
-194
-168
-284
-246
176
-230
-158
-164
-38
-80
-68
-300
-86
-238
-26
-240
88
92
-234
-108
-86
-70
-188
-96
-214
-56
-174
150
-146
-102
-176
-258
58
-70
-298
-148
100
-228
-92
-108
-100
-54
-204
-24
-234
-202
10
-180
-198
-116
-152
52
-122
-196
-144
-10
-204
-20
-276
-212
190
-194
164
-174
254
-150
-146
-134
-230
6
-16
-128
-150
-212
-270
60
-44
-158
-220
-174
-14
-208
-70
-234
-224
-204
28
-216
-164
-20
-50
54
-244
-20
-92
-136
24
-114
-160
20
-206
-134
-236
-162
-268
-194
-188
-20
-96
-238
-28
32
-24
-14
-286
-194
-212
68
-198
-204
-244
-252
-18
-196
-166
2
-196
-124
-22
-70
-136
-180
-80
-86
-30
64
-162
-104
-92
-134
-34
-48
-226
-170
-68
-100
-96
-58
-84
-220
-160
-168
-210
28
56
-34
-92
-208
-66
-300
254
-50
-150
-192
-186
-244
-212
-14
-82
72
-98
-142
-46
-38
-134
-110
-24
84
-226
-186
-102
-166
-228
-80
-28
-180
-118
-212
100
-196
-174
-34
-96
284
-24
-288
-130
-188
-132
-158
-184
-102
30
-256
-146
-184
162
-148
-54
-176
-230
-228
-274
-102
-100
-280
-122
-222
-226
-146
68
-246
-68
-154
-46
-232
-166
-36
-178
-136
152
4
-34
-32
-240
-148
-118
44
44
60
-156
-282
-94
-206
-60
-126
-214
-82
-80
22
-140
-178
74
62
-70
-98
-166
-180
-146
-150
284
-206
-190
-128
-112
-108
132
-90
2
-146
-184
-162
-108
-266
92
-122
-258
-116
-172
-50
-244
-168
-238
-22
-84
-140
-194
-170
-180
114
-144
-52
-252
-140
-150
-104
96
-248
-20
-74
-224
-148
58
-34
-220
-22
-80
140
88
-248
-230
-58
-120
168
-228
-250
-210
142
-250
-204
-160
-214
14
-162
-220
-158
-196
-186
14
-120
-70
-58
-48
-172
-108
90
-44
-98
26
-26
-36
-190
26
-184
-194
256
-110
198
-126
-64
-246
-246
-28
-134
-112
-66
-180
-210
-252
56
14
-138
-2
-66
-120
-80
16
28
-100
-174
46
-216
-52
34
-152
34
212
94
-52
-154
-34
-104
-212
-104
-102
-42
-74
-162
-262
-160
-264
-208
4
-24
-218
-194
-154
-70
122
-232
-112
-220
-166
-202
-136
-220
104
-120
-94
10
-200
126
-286
-112
42
-142
-172
-180
-60
-240
-110
-148
104
-212
-214
-228
-234
-216
44
-286
124
-248
-208
-202
-128
-52
-122
-184
-70
-160
-216
-224
-264
-272
-168
-88
-182
-110
-202
-86
-232
-142
-216
-190
52
-164
-184
-48
-42
-80
-152
-276
2
14
-136
34
-232
-294
-168
8
-74
-152
-116
-128
-290
-36
-118
94
-146
-184
-26
140
8
-178
-168
86
-172
-106
-18
-170
-74
56
-66
-218
84
-228
38
-252
-122
-76
-52
22
-188
-212
-70
-102
-194
-118
-144
-20
-240
34
-70
-268
-46
-236
-260
-66
-106
-238
38
-276
18
-196
-278
-116
-74
-132
-126
-170
-46
-204
212
-4
-98
-156
-190
114
-220
-198
28
-126
-4
-140
-174
-126
-96
-2
142
-164
-278
-122
-226
-156
-154
282
-130
-172
6
-152
-212
-56
-126
-234
-182
-28
-110
-124
-122
82
-174
-196
-146
22
162
-172
-120
-16
-108
-56
-150
-236
-16
90
-34
-78
-162
-204
-210
-66
296
100
-102
-114
-212
-218
-112
-166
-154
-104
-132
-110
-80
-108
-190
-102
-84
-96
32
-148
-270
-90
-88
-94
-16
10
38
-188
-226
136
-144
-62
140
-176
-242
-248
-88
-190
-70
-162
-106
-192
50
54
-82
-6
14
-176
-8
-56
-192
-102
-98
-130
-110
2
-130
-40
-184
120
-126
-170
-152
-78
198
-148
10
-244
-168
-80
-108
268
52
-96
-92
-158
-196
-8
-98
80
-14
-196
48
-6
-12
42
-30
-296
-56
116
-212
-82
-98
-146
-264
-138
-152
-140
-208
54
-132
-58
126
-210
-172
-54
-238
-278
-190
-14
-234
-62
-90
-174
4
-150
-170
-148
110
98
-150
-124
98
-58
-140
-126
94
-170
-118
-54
-138
-104
-188
300
-166
-30
-224
-106
54
-210
-68
-102
-14
-168
-174
-236
-182
-10
-238
-54
-202
224
-234
-220
18
-146
-44
-212
-28
-136
-112
84
-214
34
-64
-80
26
78
-160
42
-176
34
-232
-36
-236
86
234
-178
-146
-208
-194
18
-278
-158
-188
-64
-140
-96
-56
-210
-226
-80
-266
-260
-82
-122
-242
-34
-152
76
-180
-126
-220
6
-160
-248
-220
54
-30
-140
-72
-236
-114
-46
-174
-240
-98
-82
72
-92
-204
-64
-132
120
-266
34
-84
-208
-72
-70
102
-50
-236
50
-254
-252
-206
-260
-38
-210
36
-232
-104
-164
-250
-54
32
-18
58
-56
-184
-140
-16
48
100
64
-180
-60
-34
-78
-130
-256
-150
-148
-92
-62
-40
-100
-166
-260
16
-234
-118
-116
56
-240
-34
-8
-64
-128
-58
48
-50
-148
-198
-234
-196
-254
-26
-78
-160
-214
-156
-222
-216
-94
-160
-48
-86
-274
2
-128
-112
-114
-276
-50
-162
-124
-246
-242
-128
-240
-164
-124
-74
-12
-252
-76
-156
-72
-158
-148
-166
-218
-254
-144
-118
-40
-84
40
-164
-78
-34
-166
-190
-100
-220
-160
-258
-202
-224
-40
-204
-202
60
-84
-4
56
-176
-2
10
-136
-162
-76
-216
-142
-220
-134
-98
-72
-204
-210
-10
166
-60
-296
-244
-158
-208
-236
-150
-4
-134
-36
-186
-232
-170
-176
256
-102
-174
-82
-250
24
-216
-160
-44
-156
-32
210
-168
-54
-116
-222
-150
-102
4
-138
116
-202
-98
-160
-292
-164
-158
-136
-236
-200
-128
-194
-122
-26
-196
-202
176
-238
-86
-34
-104
-154
-18
-202
-108
-120
-12
-140
-100
-198
-238
-22
-224
-76
-104
-96
-142
-98
-166
-68
-126
-144
-132
-226
-54
-112
-114
-232
-146
-208
-4
108
-132
-158
-118
-88
-106
130
-58
-140
78
-230
-60
-258
-20
-26
-224
58
-146
-176
98
-24
-230
-186
-206
-184
-44
-202
-226
-156
-168
-106
-252
-72
-48
24
-64
-198
-144
-194
-174
66
214
-148
-116
-190
-202
-96
184
-266
8
-222
-148
6
-10
298
-90
300
-152
-146
-180
-280
-202
32
48
-84
-124
-224
-234
-196
-132
-178
-106
-170
-22
18
-260
-230
-218
-158
-164
-240
60
-58
-232
-300
-234
-24
-136
-38
-32
-172
142
-86
90
-138
186
-64
-10
-172
-20
-32
70
-14
-150
-154
-150
-120
-124
-158
234
-222
-106
36
-88
88
-36
-126
-204
-184
-174
-226
-188
-176
118
-24
-252
210
-148
-178
-132
-142
-102
-2
-226
-92
14
-166
-164
-148
-124
-208
-46
-18
-180
-74
2
-190
126
-104
108
30
84
-134
-6
-226
74
-128
-76
-190
-52
-166
-122
-176
-122
42
-184
-116
-178
32
106
-150
-98
-290
-204
-160
-234
-74
-56
-134
-106
-136
-222
-76
-9
-194
-248
-112
-232
-46
-154
-48
-184
-28
-42
-216
-36
-138
4
-136
-100
-152
-12
-280
-210
-108
-188
-140
-216
-226
-122
-92
-2
-24
-2
-154
-172
-158
-52
-282
-132
-216
10
-130
-224
-134
-50
6
-126
-230
4
-28
56
-22
-46
-148
-244
-244
-276
-156
-248
-120
-214
-64
-128
98
8
-222
-106
146
-132
40
68
-130
-216
-4
80
-204
-88
-152
-150
-262
-78
-32
-138
-56
-168
-138
-22
172
-76
-214
56
-116
-172
4
-54
-300
-78
6
-196
-2
6
-52
-226
-200
-130
-134
204
-154
-50
-88
-198
66
-230
18
-30
-214
66
-174
-238
-212
-46
-210
70
-256
34
-28
186
-146
-154
-88
20
-210
58
-64
16
-68
-172
-152
294
-232
-226
-180
-276
-222
-162
-160
-102
-240
4
-146
-88
-284
-44
-188
-282
-158
-86
36
-40
-252
-240
-60
72
-196
-280
-38
-158
-274
-22
-50
-118
-100
72
-26
-266
-176
-182
-24
-178
-20
-166
-130
102
-122
38
-238
-254
-130
-162
-186
-144
-250
6
-240
-8
-54
-164
-72
-122
-220
266
-148
52
-166
-236
-190
-12
-46
-276
-48
-110
-234
-102
-72
44
-104
-78
-128
-222
-186
148
-266
-80
-236
-228
-18
-254
-252
126
-122
-176
-152
-16
-184
-234
-38
22
48
-60
-156
-132
-240
-92
-136
-44
-238
-128
-96
-272
74
-112
-58
-58
0
-194
-234
-150
-194
-226
-208
-110
-208
-16
-190
-92
-276
-118
-20
16
32
-100
-38
-224
-158
-196
-172
-216
-24
-106
-194
-218
-88
-64
98
104
-188
-160
44
-222
60
-40
-28
-100
-226
30
-162
-88
-22
-234
-170
-172
-168
-194
124
-268
-128
-168
-220
-248
-64
-148
-78
-70
-80
-28
-270
-236
-26
-70
-58
-230
-70
66
-14
-282
-102
-258
-226
84
-126
-228
-144
-136
-54
-58
-176
-102
-106
-122
256
-202
144
-194
38
-254
-166
-166
-180
-158
-92
156
62
-32
-146
-142
-80
-130
-178
-180
64
-130
-166
42
-82
-240
-108
-178
36
-136
-226
-120
-162
-76
52
-122
-256
-72
-108
184
-222
-104
84
-242
-2
12
-102
-108
-154
-150
-200
-56
-160
-196
-136
-150
-212
4
-34
-174
-254
-272
-42
-172
-150
-40
-132
-90
-148
48
-10
-236
-114
-122
-20
-246
-274
-198
-264
-182
-108
-134
-100
-210
22
-146
-160
-178
-236
-176
28
82
-154
16
-94
-136
-18
-46
-190
-228
-284
-200
-134
-140
-278
-116
-50
-246
-276
-116
48
-168
12
46
-244
-86
-194
-168
-114
-290
-62
-170
76
-32
42
-230
-84
-94
-142
-112
-6
16
-236
-162
-194
-278
56
-146
-136
-226
-158
-46
-64
-200
-176
-112
12
-138
38
-124
-158
-52
-28
-46
-248
-174
70
-126
-192
-184
-218
-60
-152
-160
-276
-30
-132
-92
-144
-122
-234
-240
-160
-92
-60
-122
-134
-42
30
92
-60
-166
-132
-28
-178
-204
-254
-180
-54
-178
-102
-98
-232
196
-98
62
-28
-184
-20
-250
-258
-224
-148
6
-266
-206
-96
-108
-18
-178
-180
-288
-194
-78
-206
-56
-170
-190
-32
-104
-22
0
-112
-150
-206
-134
-156
-230
36
106
-132
-262
-164
64
-144
-248
-178
-114
-168
-94
-184
-66
-38
50
-68
-238
-146
-216
-96
-86
-202
-188
-98
-238
202
50
-130
-198
-216
-150
-186
-142
-236
-124
-22
-190
-64
-100
78
-164
-236
-234
20
-116
-210
-22
-186
-156
98
-120
-80
-232
-94
-232
-70
-128
-10
-140
-58
-162
-260
-148
-184
-2
170
-144
-156
-206
-110
-138
-180
30
-224
-230
-146
-284
-176
-144
-134
-264
22
40
-216
-62
52
102
-246
-76
114
-134
136
-94
20
-14
92
-194
-104
-74
-36
-74
-76
-176
-124
-82
-196
-70
-186
-158
-36
-60
-200
-6
-210
88
0
-268
-62
-228
-132
-146
-210
-138
166
-270
-90
-170
-84
-148
-148
-194
-284
-84
-230
-68
-188
-242
-232
-150
-216
-278
-80
36
-110
254
-142
-20
-258
-18
-238
-164
90
-172
-140
86
120
-94
-198
-114
-236
50
-180
-28
-228
48
46
-270
82
-186
-186
300
8
-114
-178
-288
-62
-176
-242
-110
-188
26
-160
66
-88
-106
68
128
-134
-120
-172
32
-132
-84
28
-52
-136
52
-152
-84
-294
-108
-142
-150
-86
170
-214
-222
-28
-36
224
-152
156
24
-168
104
-28
-238
-186
-138
-176
-102
-258
-180
-18
-202
-158
-292
-66
-62
-112
12
-72
-242
-124
-96
-54
-266
-78
-136
-224
-86
-206
28
-138
10
-184
-242
-94
-222
-22
-170
-196
-226
-234
-32
-96
-174
-190
-110
-294
-120
-162
-82
-136
-234
-214
-134
74
104
-72
-198
-136
-68
-132
-106
-44
0
-198
-114
-100
298
-4
-268
-72
-116
-196
-64
-84
-122
-228
-184
-4
-140
-224
-70
50
-218
-208
-142
-236
-254
50
36
-28
-176
-224
4
292
-100
10
-48
-90
166
-192
-88
-146
90
-62
62
-244
-206
-224
-178
-184
12
-106
140
-170
-52
-140
-206
-122
28
-196
-14
-102
58
-150
-26
-8
-92
-176
-168
-28
6
-208
52
-152
-162
166
-138
-184
-222
18
26
138
-216
-196
-34
-276
-292
-176
-122
-150
32
-182
-204
-166
-184
-162
174
-138
-180
-164
-220
-294
20
-142
-186
-160
-128
-212
-30
-36
-26
-116
-128
6
-202
-268
-154
-26
-130
-94
54
-204
-64
-128
-112
20
-146
-190
-64
-168
108
-168
6
-266
38
-120
-284
170
-254
-234
-148
-234
-202
-16
-168
-156
-48
-268
-62
-286
-52
-132
-196
-200
-184
8
102
-120
-236
64
128
68
-84
24
20
-112
-66
-102
-122
-90
-190
-128
-148
-212
-40
-216
-190
-152
-138
-222
-242
-2
-244
-228
-138
84
-48
-166
-48
-126
-226
-74
-164
-188
-156
-262
-36
90
-78
-16
-196
-26
136
-182
-100
-114
20
-146
-122
-272
58
-68
-86
-296
-86
20
30
-260
-32
-224
112
-164
-112
-138
-252
-14
-36
-6
-226
-138
104
-136
-72
8
-148
-278
-298
-130
-200
0
-146
-98
-254
-64
60
-246
-90
-120
28
-108
-10
154
-104
252
-150
-210
-240
-246
8
-22
-272
-98
-40
26
-12
6
102
-198
-92
22
-162
-128
-248
-146
-46
-74
-72
26
8
-140
-214
-196
-68
24
24
-188
-190
-190
-76
-166
-242
-36
-126
-98
-270
-112
-216
18
-34
-52
-182
-142
-244
132
20
-126
-68
-144
-164
-76
-88
-268
-196
-150
-106
-86
-222
-40
40
-226
-94
-74
-74
-140
-234
150
-58
-94
-186
-158
-94
-134
-18
-20
-36
28
-232
-236
-174
-90
-108
10
-156
-234
-84
-232
-238
-102
-118
64
28
-34
-276
-230
-178
-126
-190
-110
-28
84
-194
-18
-182
126
-140
-152
24
-158
14
-186
-10
-4
-192
-182
152
-34
-98
-144
-212
-280
-70
-272
-104
-122
-118
12
-100
-246
-98
-210
-6
-248
-136
-206
-14
16
-234
-232
-216
-68
-2
-198
-144
-208
-168
-38
-38
-128
-196
30
-154
-144
-164
-160
-248
-162
-138
-156
-128
-34
-154
-154
-114
-130
-76
-28
-246
50
-86
-182
-90
26
-46
-38
-146
-146
-214
-116
-172
-120
-178
-160
-106
-20
-218
-184
-190
-178
60
-36
-92
-24
-224
-82
-288
-72
-24
-158
-184
-4
190
8
-190
-98
-100
-24
-164
166
-262
-150
192
90
-204
-120
-184
-98
-50
-162
-136
-46
-188
-68
-172
-126
-8
-2
-156
-288
-156
-278
-14
-54
-112
178
-98
-194
-114
-260
-248
-194
-170
-192
-76
-114
-68
-70
220
-56
112
-72
-86
-66
-250
-270
-226
-142
-86
-248
-286
-4
-266
-66
114
-230
-170
-10
118
-220
-110
-236
-38
-48
-186
-196
98
-154
-152
-88
-94
-78
-82
-238
-152
-136
-114
-86
44
-226
-236
64
294
-184
106
-156
-36
-82
-76
-118
-54
-134
-292
120
-160
-56
-48
-296
-262
-156
-208
-140
-130
-218
-196
-192
-92
-154
-290
-144
-146
-188
-248
-26
-30
152
-62
-2
-22
-182
-84
-92
-146
-90
-178
-200
90
-152
-212
-226
-170
12
-194
-140
32
14
-108
-74
-240
-182
-208
-226
-216
-32
-166
-180
-194
-2
-200
32
-246
-196
-64
-220
-104
22
-142
-246
-92
-46
-58
-72
-188
180
-78
-158
-120
-34
54
118
-244
-126
-274
-116
-94
-288
-90
-72
-160
-86
-120
64
-56
254
-44
-84
-202
-188
-214
-236
2
-118
-200
-96
-32
-258
26
44
-284
-52
-188
-154
-136
-180
-150
-190
-168
-264
-108
-76
-246
-44
84
-80
-16
-14
-188
-40
-158
-80
-190
-200
-54
-226
120
-58
-18
-234
-204
-282
-50
-92
-32
56
-140
-76
-212
-196
-296
-242
-178
-194
-240
-170
-142
-38
-190
-110
-222
-260
-42
-242
-202
-26
26
-232
-52
-102
-226
-148
-78
-158
-186
-172
-56
-190
-92
-286
-102
-174
-30
-174
-32
-68
-88
-154
-150
-126
-270
-50
-86
-172
-210
-26
-14
-156
-112
-204
-248
-154
118
-122
-206
-124
-140
110
-30
-26
-150
42
-286
-262
-212
298
-184
-194
-152
74
-130
-128
-130
-144
-228
-76
-88
-250
-76
-204
-228
36
-46
-130
-108
-86
-88
-192
-134
84
-214
-156
-36
42
-214
-214
-146
112
-106
-2
-226
-172
-16
-156
-12
-298
6
-240
-50
170
52
-214
-154
-222
152
-30
-146
-138
180
56
12
-162
-252
-98
-42
-154
-118
-126
-206
-62
-82
70
-104
-242
-240
2
-196
-26
-124
-52
-300
-154
-208
-216
-104
-218
0
-148
-42
-218
-210
-184
26
-100
72
-212
-216
-200
-144
-34
-218
-58
20
-90
-162
-22
-28
-180
66
-80
-184
-206
-178
-126
-110
-150
-10
-192
-118
-72
-92
-168
-32
36
22
-176
-8
-54
136
-162
-32
-84
-176
-190
-172
-102
-8
-126
26
-176
-214
-90
-216
-256
-56
-12
-230
-256
-14
-172
-56
-100
-106
-106
-236
142
56
-34
120
-180
-180
-84
6
46
58
-118
-86
-16
-278
64
-116
-178
-110
-116
-142
-134
112
-2
-246
-186
-112
-118
-232
-272
-186
296
-92
-126
-174
-134
-238
-250
-90
-194
-86
-166
-220
-230
130
18
36
-34
-118
-42
-66
-164
-126
-58
202
16
-68
94
-36
8
-50
64
-218
-212
-48
-126
274
-208
-262
-240
-228
76
-96
-36
-228
132
-48
-40
-180
92
-32
-176
-100
-224
-140
-190
-210
-124
20
-172
-140
-110
24
-220
6
-256
-116
38
-36
-212
-44
-162
44
6
-118
-118
-210
-152
10
66
-206
-106
-56
-186
-222
-246
-10
-4
-144
-118
-196
-52
-68
24
-126
-240
-94
-252
-76
108
-236
-88
-82
-122
-250
-178
-8
20
-130
-286
-106
74
-44
-248
-186
14
-44
-254
-100
-96
-260
-74
-194
-54
-82
-194
-172
-138
-124
-90
-244
-228
-230
118
-122
-92
-140
-186
110
-186
-184
-134
-264
-142
-22
-284
-244
-134
-256
-218
-224
14
-110
-150
-286
-134
-170
-62
-32
-24
-166
-238
-32
-138
-140
-90
-220
-82
12
4
-220
-74
-94
162
-150
-82
44
-242
-264
-122
-224
-140
-122
-92
-202
-126
-262
-138
-110
-58
-210
-52
-122
-54
-104
-34
-228
24
