-164
-178
-208
-68
-50
56
-30
-10
-134
90
-252
-170
-20
220
-96
34
-92
-188
-162
-84
12
-126
-38
-112
-178
-160
-110
140
4
-248
-252
-130
-64
-274
-196
-256
-150
20
-156
-108
-68
-210
-30
-156
-14
-92
-26
-264
-218
-222
-226
118
86
112
-158
-284
-88
-120
-70
48
-48
-144
-242
-192
-240
166
-124
-200
-164
-234
-6
-152
-96
-164
-32
-224
-32
-186
-56
-140
-158
-162
-14
-280
-126
-28
-122
-20
4
-98
-126
-204
-64
70
-116
-34
-80
-164
-224
-224
-98
-74
20
-206
-114
-62
-86
-6
156
-228
-116
-136
-60
290
-170
-220
66
-286
-54
-92
-156
-174
-236
-216
206
-50
-60
42
-150
-116
-134
60
-176
112
-36
-18
-186
-158
-212
-70
-142
-300
-52
-96
-104
-164
-126
-172
-146
-156
-86
-172
-88
-256
-126
118
-186
-258
174
-222
-198
-60
-280
-184
-32
-168
-22
114
-128
138
-140
-80
-172
-22
-224
-236
138
-44
-116
-160
-174
-154
-18
48
42
-68
-150
-152
-260
-294
-142
-90
-14
74
-140
220
48
-200
-210
-78
-254
-234
-196
-176
-194
74
-226
-144
228
82
-106
-282
-132
-108
-128
96
-212
-170
-170
-20
-204
-210
-68
-256
-138
-34
12
110
-276
-174
-62
-212
-144
-60
-198
-18
-184
86
-160
-100
300
-122
-210
-94
-96
-94
-178
-170
-200
62
-234
-284
-220
142
-246
-228
-142
-84
-270
-196
-60
52
-124
-122
40
-164
-174
-210
-66
-66
-288
-80
60
-232
-186
244
18
-106
-180
-98
-160
-80
-112
-22
128
-186
-118
-228
-232
-42
210
-186
-204
-76
-66
-90
-94
-20
-230
-176
-22
-220
-138
-170
-246
-110
28
-256
-194
50
-210
0
-250
-180
-210
-134
-168
-134
182
-172
-86
-256
-120
-110
-220
-212
-188
0
-70
-198
42
-202
-140
218
-66
-144
-2
40
-114
116
4
-126
-162
-68
24
-112
-42
-254
-218
58
52
-134
-164
-92
-98
-120
-208
-148
-170
-228
-52
26
-148
-238
-212
-158
-104
82
-222
-254
-144
-74
-196
-50
20
-82
108
-224
-212
-120
-36
-194
-204
-210
-6
178
50
12
-202
-146
-234
-148
-294
-268
-102
20
-148
-216
-138
12
-208
300
-86
-212
-104
-190
-174
-232
-16
-192
-46
-242
26
-132
-98
-176
-264
-174
-28
-140
-134
-106
28
-152
-30
-10
-202
-38
-154
300
-94
16
-184
-112
-32
-78
152
-148
-6
-150
-88
-198
-100
-80
-246
-168
80
-118
-122
-234
-154
-220
-162
48
-222
-226
8
-208
-16
-108
-196
208
-214
-12
-100
-106
-206
-108
-134
-166
114
126
-200
-196
-224
-60
-226
-124
-236
-104
-94
-20
-280
-136
-214
-90
8
-50
-112
-130
-122
-234
-110
-186
-108
-18
-54
-226
46
-16
258
-56
-180
-62
-94
-132
-218
-274
-276
-220
-112
-248
-106
218
-162
-156
-162
-76
-140
-294
-142
-192
-214
-244
-130
-286
-76
-176
-84
74
-174
-162
-122
54
58
-200
-100
-32
128
-188
-150
68
-192
-212
-166
230
-144
-208
160
-80
-118
114
-184
-238
-144
2
-84
-186
-146
-194
-128
-104
-4
-186
-38
-62
-244
-200
-124
-146
-62
-186
-168
84
-168
-156
-18
108
-282
-184
-30
-240
-26
-88
-228
64
40
-20
-58
-266
-224
-66
-54
-204
16
0
100
-162
-138
-124
102
-170
38
-62
-106
-128
-92
-168
-272
-18
20
82
-114
-6
-128
-22
-102
-106
-94
-86
-70
-194
-20
60
-8
-14
262
-64
-156
-198
-4
-82
-104
-208
44
-114
-130
98
-58
-104
-154
-94
-234
120
14
-138
-188
-66
44
-262
-166
-18
-124
-80
-98
-16
-202
-130
-90
-74
-106
62
-184
-186
-118
-180
-206
-54
-186
-166
70
-94
-264
-20
-50
194
-228
-132
-60
-134
-100
-240
-50
-58
-4
-254
-96
46
-90
-122
-190
-136
-112
228
-36
-124
-186
8
-176
-260
-134
-2
-136
-222
-146
10
-106
-120
-142
-32
-214
-194
-44
-196
164
-180
-12
10
-60
-212
-52
-134
-102
114
-126
4
6
-160
-8
-122
-50
-282
-148
-158
-240
-114
112
-170
-216
-260
-10
-106
-28
86
-30
-226
-100
-138
-280
-130
-44
-82
-136
-76
-190
-248
-186
-20
12
38
-116
-118
-124
30
-228
50
16
-60
-156
8
-86
-152
36
118
-114
20
-90
-158
-2
-184
4
-102
-18
-14
-186
-38
-102
-88
-200
-124
-162
-70
-254
-154
-152
-128
-180
142
-268
-80
-164
-14
-66
-112
-178
-188
-222
-260
-220
56
-16
30
300
-6
28
8
-34
-228
-28
-74
-236
-208
-94
-176
-176
-252
-248
-212
-220
-62
-214
-20
-50
-174
-234
-204
-178
148
-226
-110
22
-112
-42
-78
-162
-124
246
-240
-54
-136
-196
26
-12
-182
262
-246
-262
-114
-190
-152
-222
-210
-248
-14
-188
-170
-4
-70
-126
-8
-128
-142
-212
202
-250
-182
-98
106
200
54
-70
-156
-260
-222
-158
-256
-130
-8
42
-216
-160
-104
-44
-258
-116
48
86
-42
-134
-204
-116
-190
-12
-194
-98
-70
-150
144
-134
-44
-28
-28
-90
-176
-26
-10
6
92
-162
-210
-170
-138
46
-100
-174
-158
-182
180
-230
-64
-126
-276
-64
-94
-92
-94
-76
-132
-188
-28
22
12
26
-280
-252
156
-184
12
-124
-154
-216
-156
-238
60
-106
-126
-68
-110
-118
-152
-110
-138
-234
-282
150
-262
-86
-58
-64
-170
4
16
64
-126
-174
-22
68
-22
-230
-272
-204
-130
-82
-124
-176
-164
-286
-184
134
-162
-146
-162
-60
-128
-202
22
-138
-48
-232
-106
-154
-146
-238
-214
-122
-150
-144
76
2
-264
214
-162
-132
-170
92
270
-64
92
-260
-120
-132
-42
-252
116
-182
-126
-162
-106
212
-136
-30
-68
-148
-182
-256
-150
-114
-26
-80
-210
18
-196
-88
-28
-24
-142
-130
-106
-148
-82
-294
-142
-44
-278
-262
-146
-188
-4
-184
-144
-220
-258
-70
92
-148
-168
-84
-248
-252
-74
-132
0
-56
-202
-222
-102
-80
-18
18
-64
-136
-76
-228
-176
212
-274
-170
-120
-74
-242
-236
-126
-142
-226
-190
-172
-98
-80
-140
-282
10
186
-236
-26
-66
2
-22
-150
-248
-244
-176
-122
-90
-126
28
-174
-146
-76
14
34
66
24
-150
-154
-34
-186
286
64
244
-104
-218
-224
-46
-156
-60
-154
-56
-98
-184
-76
-226
-136
-300
-188
-212
-146
-120
-152
-136
-20
14
-258
-194
-264
-248
-172
-226
-36
-218
-126
-74
-48
-4
4
-156
-20
-114
-242
-92
-78
-130
-144
-164
-46
-88
-226
-84
18
-100
-206
-260
22
-6
-264
-78
-174
-110
-220
66
140
-114
-22
-216
-118
32
-84
18
-12
-60
-274
102
-12
-88
-128
-60
48
-76
-206
-86
-104
-100
-88
-234
-140
-190
-160
-6
-214
132
-2
-96
-128
114
28
-16
-198
-188
-130
-120
-186
-134
-252
-252
-120
-44
-88
-120
-140
-32
-208
-184
-24
-16
-58
-106
-222
-26
-90
-90
-120
-100
-34
4
-238
-150
-214
-248
-106
-108
-160
-122
-6
154
-86
-78
-8
-210
-70
-36
-198
-132
-170
-136
-62
-228
-176
-84
-42
-206
-60
-16
-202
-176
-26
-134
-92
30
-258
-140
-200
22
-200
-144
-104
-162
-118
-150
-102
-4
-42
18
-120
-124
40
-202
62
-32
-182
-164
-296
-154
-108
-104
-42
-100
-268
-232
-182
-58
-206
32
-6
-156
-218
-202
-204
-116
-214
-130
-48
-104
-22
-262
-146
-222
50
100
-186
172
-146
-10
-20
176
-104
-122
-134
-64
-172
-164
-100
-44
-84
98
18
-204
-68
-112
-136
-80
-148
-224
-164
-36
-258
186
-226
-184
18
-114
-216
-248
-270
-290
-236
168
-156
-158
-124
-196
-52
-22
-162
-164
-12
-4
58
228
-154
0
-258
-156
-196
-94
-202
-152
-182
-50
70
-140
-154
0
-142
38
-276
0
-118
-214
-136
-142
-250
-156
-104
-270
68
-136
-14
-12
-38
-126
8
-226
-284
-122
-118
-126
-82
-170
-100
-242
-140
-262
20
-176
-66
-208
44
-266
-148
-164
-116
-142
-166
138
164
16
-12
-188
-118
-10
-226
-76
62
-120
-16
-170
-80
-134
78
-128
34
132
-274
-128
298
-82
-42
-80
-140
-88
-104
-148
-170
-22
-172
-238
-14
38
-188
-294
-70
-34
-84
-46
-34
-110
-146
-198
-206
-252
-146
-102
-160
-134
-138
-224
-222
-158
-292
-60
2
-176
-60
-256
-76
48
-154
-162
-132
-172
40
-166
-236
-226
-112
-22
-114
-256
130
-36
38
50
-160
120
52
-38
-78
-232
-182
-160
-88
-188
-62
-142
-168
-140
-90
-34
-100
-144
48
-252
-140
72
-30
-166
-120
-198
166
-216
-210
-76
-148
-52
-124
-146
-114
-88
-56
-180
-82
-178
-234
-154
-192
-192
24
-8
-268
66
136
180
-106
146
-114
-204
174
-46
0
6
-210
-186
-8
-252
74
-208
80
-246
-158
-110
-172
-202
-22
-200
0
-166
-170
58
-218
-208
42
-62
-198
-72
-170
-178
70
-212
-188
-88
-72
-160
-86
12
-120
-184
62
-82
40
-230
-66
-100
-98
-90
-158
-200
-34
-12
-284
-240
-156
42
-220
-86
-26
-140
78
-156
0
-56
-98
-172
-290
-122
-148
-82
-134
-216
-22
-252
-228
-252
-12
-180
-90
16
-88
-106
-60
-264
-140
-132
-276
22
-84
-2
-246
-156
-124
-178
-180
-198
-96
-162
-300
214
-116
-268
40
-274
68
-154
-82
-258
-102
-92
-96
-152
-212
130
-182
-148
40
-108
300
42
-18
-138
-114
-146
90
-184
-164
68
-150
-136
-154
-70
-260
-126
-56
-150
-108
-182
-228
-196
54
-200
-284
-98
-102
126
-92
-106
-152
-72
-232
-100
-298
-98
72
-138
-208
-170
-74
-268
-46
-200
-134
-268
-226
-174
-126
-154
-76
-106
-100
-54
-12
-174
-278
-48
4
-190
-236
-124
108
32
-164
-74
298
12
-70
-252
-70
-90
60
-196
-146
-126
-94
-174
-52
-120
-160
-140
-104
-150
-218
28
-240
90
-206
-182
-86
-72
-56
-60
-238
116
-272
-164
-132
-66
14
-182
-178
-126
-230
192
-22
-72
-198
-200
-84
-106
-106
-78
-146
-252
-240
-204
-86
-246
-16
-120
-228
-62
-178
-174
-82
-180
-18
-170
-80
-118
-188
-176
-94
-142
-150
-232
-274
-224
-188
-92
-132
-148
-244
-104
-142
-218
46
-88
-246
-156
4
-246
-176
-126
-222
-164
-152
-152
-230
-200
-76
26
-42
-132
-184
64
-42
50
-166
-160
-164
-84
-114
-272
-220
-20
-210
-58
-166
-36
-148
-104
-76
-186
-242
-232
-160
-96
-154
-118
-42
-124
-74
-12
-182
-266
-222
38
-138
-236
-88
-290
-112
48
-48
-72
-94
-160
-138
210
-178
-226
-134
-228
-94
36
48
-154
24
-180
-44
6
-16
-280
-156
-170
-120
82
-144
-148
-78
-38
48
-190
-72
-66
-170
-192
128
-212
-232
88
-268
30
-72
-104
-28
-150
-256
-32
-282
-88
-130
-128
-216
-28
-78
0
-262
-264
-142
-110
2
-116
-86
-10
-114
-128
-156
-140
-164
-44
-126
-78
-88
-134
-288
-206
-248
-116
-152
58
-208
-188
86
-102
-80
-294
40
-74
6
-14
-104
-134
-136
-50
-120
-44
-174
-124
-198
-280
-32
14
-164
-164
-116
-236
-300
-156
-120
-150
-188
-116
-120
-140
-130
-158
-186
-182
28
0
-120
174
-74
-142
-92
-138
-286
-146
-26
68
-212
46
-68
-114
-198
-238
-180
-134
-34
-198
-120
-14
-186
-6
-202
-128
-166
-294
-226
-114
-78
-24
-260
-88
-96
-198
-250
-184
-182
-170
-136
-284
-228
-148
-212
-86
-90
-120
-262
-288
-110
-146
-106
-266
-192
-222
-184
-278
-258
-86
-234
86
-250
-48
86
-220
-152
-238
-154
-98
-268
270
-158
-86
-266
-126
-120
-26
-266
-268
-48
-200
-206
-170
-14
-240
-278
-120
-132
-300
8
-12
-218
-256
-240
-78
-38
-156
24
298
-88
-266
-50
-86
-128
-134
-194
-170
-178
54
22
-122
-92
-114
-282
-216
-128
-296
-168
104
-238
-274
-178
-174
-94
100
-274
-148
-214
-144
-108
-260
-52
-186
140
-68
-190
-106
-48
-186
60
-76
-104
-194
-168
-78
-266
-90
-216
-160
-222
-100
-48
-24
54
50
-134
-144
-100
-236
-96
-270
34
-154
142
-136
-212
-182
-14
70
-156
-110
-38
-62
-194
-244
-252
134
136
-142
-200
0
-56
120
-182
-114
-114
-140
-148
-50
-170
-298
46
-266
-136
-162
-28
-248
4
-110
-278
-30
8
-146
-290
-128
-118
188
-180
-186
-74
-96
-258
-90
-288
-242
-256
162
-160
-192
-44
8
-168
-98
-146
-34
-54
-64
-4
-104
-76
-136
-178
300
-138
96
-50
-284
-240
-92
-94
-200
-136
-204
-234
-200
-150
-144
-70
-228
22
-198
-68
-224
-220
44
-84
-38
-258
-14
28
-150
-16
-240
-100
-254
-16
-106
-6
-196
-112
-140
-148
-96
-68
42
-114
-96
-262
-140
-82
-152
122
-126
-228
102
-106
-112
-188
-276
-40
-88
-50
-92
56
-8
-168
142
-144
94
150
-292
10
-60
-8
-196
-58
-208
-38
92
40
-284
-82
-6
-248
-146
100
-34
-228
218
-120
74
-172
-238
-132
-58
-148
-130
-118
-200
-64
-122
-286
-116
-230
-64
-246
-118
90
-124
-100
54
-178
-170
-198
-168
-112
-118
-58
22
-66
-176
-86
-172
-164
-218
-6
-90
12
-254
72
128
-160
-228
-64
-144
102
-290
-238
-166
-254
-14
-218
214
82
122
-100
-58
-262
-58
-174
-154
-122
88
-68
-130
-168
112
-220
144
-244
-100
-220
18
-54
-186
-80
-36
-148
-276
-44
-52
18
-188
-218
-158
-252
-144
-292
196
0
70
-102
-136
-190
-112
-144
-2
-222
-80
-132
0
-204
-64
-230
278
-110
-154
-136
-162
-154
-152
76
-12
-142
-182
-100
-138
-104
-102
-108
-22
-246
-216
-134
6
-30
-36
-130
46
-286
-214
-70
2
24
-122
-34
16
-176
6
-144
-222
-292
-46
-278
-252
-208
-102
-260
-18
-122
-184
-116
104
58
196
48
-112
-70
-152
8
-38
-88
-20
-58
-82
-240
-248
-242
-256
-44
-80
-136
-68
6
-162
-174
-42
-42
-136
-74
-44
-56
-192
-258
-284
-124
-170
-108
-216
-102
-184
-182
-130
-294
-276
16
-116
-32
-92
16
136
-96
-66
-196
-166
-48
-270
-214
-122
142
-52
156
-226
-170
-140
-66
136
-192
-96
-122
-170
-144
-130
-110
64
-108
46
-216
18
182
-4
-14
-276
-204
-78
-148
-108
-158
-150
10
18
-176
-80
-36
44
-210
-92
-80
228
-194
-178
-218
-196
-164
-60
-132
104
-132
-240
-140
40
-90
-270
-2
-50
-28
-186
-66
-188
-136
-80
62
-140
-66
-166
-130
-104
30
54
-222
-232
58
-18
-132
-72
-172
-88
12
18
-104
56
-150
-200
50
-92
-190
-218
-152
-202
-160
-220
86
4
-232
-272
-80
-206
138
-232
-130
-52
-196
-160
-200
-272
-272
-30
-206
-218
-148
-28
-128
-238
26
-114
-250
-202
186
-260
-106
-174
-40
-194
-206
-90
-138
-196
-132
92
-202
-122
-146
-276
-60
114
-182
-242
42
-130
-32
-132
16
-146
-8
-132
-38
-164
-42
-74
-178
50
-244
-204
-152
-128
-280
-90
-176
-130
-6
-34
-212
-152
-268
-282
-208
-208
44
-194
-150
-110
-172
-238
-178
-32
-242
-66
-174
-148
-64
38
-118
-250
120
-252
-196
-148
-204
-174
-236
-192
-220
-142
-236
276
-122
62
196
48
-4
198
-56
-60
-76
-8
-106
-78
-180
-118
-84
-250
60
-162
52
-202
-76
-48
-134
-110
-120
-18
30
204
-36
-252
-194
-238
-20
12
8
-30
-144
-168
110
32
-248
-204
-200
-90
-186
-94
-258
-74
-198
20
-118
34
-194
-170
-192
-40
-134
-200
-132
70
-174
34
-120
-108
-224
-178
-170
-116
-80
-152
124
-176
-196
46
-134
18
-294
-58
-108
-244
-270
-136
56
-78
14
-172
-70
288
-132
-78
2
-144
-200
-160
-8
148
-84
-154
-256
-148
170
-164
-98
-54
-150
-40
-142
-56
-72
-162
-2
-46
-190
18
-54
-160
112
-256
-76
-106
-48
-94
-170
24
-16
-150
-256
-206
-188
-160
-88
-190
-28
-268
-182
-32
-230
-188
-132
26
-196
-236
-6
-250
114
-70
24
-206
-218
-108
236
-256
-178
-256
-122
72
-66
-114
-34
-80
-128
-186
-212
-150
-142
-42
0
-164
-50
-212
-92
18
-46
-124
-200
104
-174
-258
-174
-80
76
-12
-166
-150
130
-258
-166
96
-16
-6
-124
-118
-62
20
-118
-50
-240
-46
-172
62
-144
-206
-100
-158
-106
-176
-120
-188
-98
-244
46
-248
-232
-62
-130
-204
-40
-266
-156
4
-228
-162
-114
-60
-162
18
-110
-164
-194
-38
-280
-38
-248
-148
-136
-86
-84
-106
-48
-78
-218
-166
-136
-240
-204
-148
-268
-258
16
76
-96
-294
-116
-212
14
18
-178
-68
-28
-156
-158
-180
-206
-86
-84
-202
-232
-184
-120
-16
-6
36
-170
-260
-18
-6
-114
-258
-106
-108
16
-184
-44
-148
-214
-146
-102
-102
-20
-106
-100
-138
44
-232
-16
-156
-234
-182
-156
-282
110
-40
-182
-274
-222
-94
-148
-126
-108
-180
-170
-100
-42
-138
-146
-156
94
-174
-102
-246
-48
-236
-152
-276
-190
-202
20
-94
-170
-184
64
-118
-120
-6
-266
-170
-284
-24
-26
-26
-40
-104
-198
28
-174
-290
-170
106
-78
72
-264
88
-88
64
-204
-10
-176
-228
-22
-258
104
4
-224
-206
-240
-82
-76
-216
-178
-156
-82
-228
-112
-114
-112
-110
8
-84
-190
-166
-134
-14
-24
-176
90
244
-176
62
-242
-100
-10
58
36
-218
20
-88
-72
-102
-150
-44
-38
58
-186
-130
-136
-156
-110
-174
-236
-258
-246
-106
-50
6
-166
-154
-40
-224
-94
-124
-192
-242
-38
-142
70
296
-4
-102
52
84
-198
-62
-10
-2
-60
-242
-190
-122
-206
-276
-20
-90
-206
-86
-188
-78
-138
20
-266
-178
-80
-160
-152
190
-238
-18
-170
22
-26
-246
-266
-146
-262
166
-266
-108
-100
-46
-124
122
-236
-174
-218
-92
38
-264
-40
-246
-208
-126
-54
-126
-280
-58
-108
-128
-202
-184
-86
-170
6
2
-52
-264
-78
-198
-236
-36
-266
-58
74
-86
-126
-282
-138
38
-36
90
-70
300
-172
-178
-180
-180
-80
-190
-126
-46
-36
-46
-114
-106
2
-230
-8
-276
-124
-220
120
-30
-102
-176
-96
-54
-112
-234
-88
-192
-204
-136
-252
-166
-266
-180
-30
-220
-220
-90
-244
-128
22
-116
-74
-146
-228
-58
-182
-252
-44
-136
52
-90
-152
-24
-66
76
-130
-78
-174
-144
164
-108
-244
-156
-114
-176
-52
298
-148
-92
-122
262
-84
-138
-102
-52
-214
-242
-216
-196
-228
-182
-182
-30
152
-4
-262
-76
158
-106
-172
-66
-136
-58
-172
-198
-58
-88
-218
-88
-62
-92
-242
48
-106
-116
-108
-160
-194
-154
-100
-284
-60
-108
-28
-194
-154
-284
-206
-204
-74
-242
-108
-218
124
-170
-198
-34
-238
138
-38
-32
24
-30
-140
-126
-6
-96
-112
46
-192
-156
-150
-134
20
24
-246
-70
-170
-156
-290
-22
-206
-126
-132
10
-72
-60
-272
-240
-124
-110
-230
-118
-70
-110
-184
-184
-160
-2
-176
-262
2
-190
-102
-164
-224
90
-126
-68
-198
-74
-272
-50
-80
-40
-92
-134
-108
-188
-148
-170
-180
-150
-172
-110
-56
66
-176
-36
-28
-226
-156
-152
-130
-152
-116
18
-38
-212
-48
-292
-272
-70
-62
-70
-166
-198
-272
214
-142
-62
-66
-98
-244
12
24
-50
-182
-160
-76
-196
-30
100
-62
-88
32
-116
290
48
-156
-150
-234
-266
-222
-24
-106
-190
16
-166
-132
-70
64
-168
-252
-90
-112
-94
-96
-296
-204
-90
-244
44
-184
-166
90
102
-60
-54
50
-124
52
-150
-198
-126
-72
-10
-172
-12
-244
-218
-232
-120
-124
18
-264
-282
-268
-64
-238
-104
-68
-194
-190
-86
-130
-4
-88
62
4
-172
-164
-154
-154
-64
-170
-102
-148
-170
-192
-32
26
-164
-182
-44
-200
-194
94
-78
-114
-8
-156
-272
-142
-132
-242
-250
-164
-228
40
-58
262
-46
-96
-202
26
192
-132
-106
-32
-208
-48
-92
-196
-150
-198
-76
-280
-164
104
-146
-162
-246
-294
2
-84
-160
-166
-36
-54
-16
-116
-28
14
-230
-134
-232
-136
-108
22
-2
-96
126
-244
-276
-66
-56
-146
26
-118
-66
-148
-96
-186
-98
-180
-184
-166
-174
-248
18
-68
-22
-236
-176
-134
-242
-90
-106
-86
42
140
-138
-42
-94
-224
2
-66
-192
-148
-210
26
4
-40
112
-42
-178
-54
-236
-174
-192
56
-150
-246
-58
-178
-40
-82
-144
-26
-156
-166
-236
-286
-86
-158
-120
-162
-170
-182
-30
-158
-218
-114
-24
-170
-42
-224
-220
-120
-32
-62
-110
-22
24
-206
-96
-2
-100
-206
-216
-46
-188
-150
-102
-106
-170
-76
-76
-44
60
-218
12
-256
-74
58
-248
-230
-232
-182
-242
-198
-134
-26
-68
-176
-200
-280
-78
-150
-132
10
-64
-120
-220
-246
196
-238
10
-52
-86
-230
-124
-112
-114
-200
-138
-168
-170
-134
-52
-68
-198
-216
-30
-170
-154
-214
-108
-100
-132
-118
-160
-24
68
6
-48
-138
-78
-130
-170
-282
-30
-146
-118
-288
-132
-114
-110
-184
-10
-142
-46
-170
-194
-150
-274
-144
98
12
-118
-160
-150
-194
-272
-154
-186
-176
-8
-126
-118
-88
-24
-108
-38
-142
-114
-202
-140
-198
-242
-260
-178
-188
-236
-114
-210
-130
-86
-212
-216
78
-156
-230
-24
8
-112
-14
-208
-126
-180
-102
-262
-168
-172
-42
-224
102
-162
-290
-186
-192
-136
228
34
42
-104
-142
-230
128
-84
-210
-174
-174
8
-164
-128
-180
-102
-134
-250
-72
90
298
-30
-92
86
-84
98
-98
-174
-50
-282
56
-178
-206
-236
-268
-204
-26
-178
-148
96
-8
-218
-180
-184
-104
134
-66
-184
-164
-230
-2
-122
6
90
-150
-120
-230
-224
-168
218
-184
-274
-34
-254
-68
-150
-58
-222
142
-116
-86
-152
-64
286
-56
-230
-90
60
-180
-144
-90
-224
-72
4
-280
-114
108
-224
-132
-68
-208
-46
-126
-226
-238
-136
12
-70
24
-56
-234
14
-24
-38
94
88
-258
-256
-126
114
-70
-154
-86
-200
140
-110
-258
-216
-8
-66
-36
-270
-174
-196
-42
-72
-66
8
-44
-182
18
134
-104
-260
-206
-276
-280
-214
-66
-62
-240
-128
-256
-144
-212
-108
-30
-170
-64
-278
-88
-100
-14
-106
78
-100
-200
-150
-188
-168
-130
-44
-152
-256
-164
-238
-54
-168
-198
-88
-248
-104
-30
20
54
-182
-118
-102
-170
-112
-134
-296
-262
-128
36
-158
-264
152
-112
-70
-262
-96
-88
-116
-30
-44
-80
-162
-232
-4
-168
-184
-96
-250
-138
-20
-228
36
-118
-4
-262
-78
-64
-252
-198
-6
-68
-100
-90
-178
-196
-98
60
-154
-238
80
-234
-66
-24
34
10
-282
-58
-228
-40
-132
-180
-200
-230
-38
-170
-68
-90
-22
-122
-148
-50
-262
-180
-230
-42
-26
-2
-236
80
-124
-214
-224
-232
-110
-68
-218
-180
-150
32
-84
-200
-142
-36
-158
-240
-166
-196
32
-114
-110
-52
54
-258
-68
36
-68
34
-184
44
-40
-168
14
-142
-202
-216
-210
-234
-232
-252
-268
-118
58
-88
-58
-256
-148
46
-78
-112
-34
-84
-4
-174
-150
-44
-92
-248
-102
-68
50
12
30
182
-78
-124
-108
-224
-184
-176
-106
-154
-76
-188
-174
-122
-80
-22
-214
-98
-56
-70
-272
-154
108
-134
-58
-188
-264
176
186
236
74
-52
-28
-46
-128
-136
-252
72
-138
-138
-270
-68
-86
-234
-172
-256
-142
-234
16
-228
-50
-290
-212
-192
-112
-238
-92
-124
-104
-150
-216
118
-104
-190
-134
62
-224
-130
58
-140
-80
-32
-232
-166
-154
-42
68
-106
-34
-228
-104
-14
158
-142
-238
-70
-98
-128
-98
-32
30
-248
-154
-276
-162
50
-148
-56
-44
-90
-120
-224
-186
-54
-106
-198
-128
-176
-174
154
-118
-154
-38
-28
14
-136
-118
-46
-206
-92
-208
6
-106
28
-92
-82
28
-250
8
-152
150
-134
-228
-186
100
-164
-112
-108
-98
-8
-124
-246
160
-100
-14
112
36
-196
2
14
-154
-122
-124
-198
-142
-228
-60
-122
-74
-158
-180
-60
-118
-114
-184
-4
64
-116
-136
-226
-234
52
-248
-136
-102
-44
-194
-36
-282
90
-160
-166
-200
-112
-158
26
-64
-82
-124
12
-144
-140
-96
-22
-258
-136
-116
22
-258
-70
-204
-184
-130
-138
-144
-84
-118
232
-30
-198
10
-162
-200
-214
130
122
-118
-124
-152
-188
-42
-32
-110
-206
-116
52
-196
20
-158
-178
-184
-268
70
-12
-122
-258
-196
-134
-160
-176
-100
-206
-118
-20
-200
-264
-28
-146
-276
-244
-184
-190
-268
-68
48
-4
-190
-68
-214
-66
-102
-66
-64
-112
-96
-234
28
12
-236
-280
-204
-112
-184
-272
-116
-142
6
-224
-10
-218
-112
206
-180
-182
-106
-130
-124
-52
-130
124
-88
-214
-294
-242
-88
-238
-32
26
-278
-48
-126
-136
-248
-270
150
-134
-254
-270
-202
-196
-214
-110
-60
-186
-280
-160
-132
-122
-164
-172
-50
-98
-98
-46
-32
-162
-246
-90
-146
-142
-160
20
12
-26
-128
-250
88
-212
-182
46
-168
-76
-250
-186
168
-274
-262
-174
-242
-228
-218
-214
-134
-262
-54
-148
54
-42
-108
-208
-180
-200
-80
-132
-128
-210
-70
-24
96
94
-40
-146
60
-138
-202
-248
-154
-84
-166
-60
-220
-140
-12
-180
54
-22
-252
-90
0
-18
-184
-72
-238
-166
-150
-66
-56
-42
-118
-178
22
-248
-196
-158
-66
-48
-182
-22
76
-42
-196
-20
36
-220
-116
-130
14
-66
-264
-260
-136
-176
-144
-124
-160
-54
-212
-132
-160
-178
-210
-146
-170
-32
-84
20
-94
-98
-170
-220
-138
-98
-126
30
-182
-46
-154
-158
-54
52
-248
-40
-236
-208
14
-270
-196
-196
-100
-118
136
-138
-232
-172
-136
-136
26
-158
-272
-300
-156
-252
-144
-262
-250
-102
-94
-194
-272
-138
-142
-192
18
-248
-188
218
-152
54
-56
-114
6
-134
-34
-144
-86
-142
-198
-4
-218
172
-148
-60
-246
-230
-218
-156
-150
-162
-186
-150
-194
-204
-238
14
-132
-146
-164
-180
82
192
-24
-202
-218
-120
-196
-160
-202
-134
4
-56
-214
-208
-76
-58
-198
-174
-162
-222
94
-14
-28
-18
14
-112
-66
206
82
-206
-154
-204
-288
-64
-130
-30
-160
-192
-234
-134
-124
-162
4
-150
-282
-120
-178
-180
-162
-58
-164
-132
-48
-48
-4
-248
68
-66
56
-170
-176
-14
40
-166
52
20
-164
-22
112
-100
24
-100
-126
-296
-216
-102
-212
-126
4
-58
-76
162
114
-196
-100
-138
14
-202
-298
-204
-204
132
-10
20
-114
-116
-272
-4
-112
-72
-64
-66
-208
-38
138
-202
-126
-122
-246
-244
-188
-144
-114
-200
-122
-56
-206
-130
-182
-6
-26
-150
-170
-92
-242
2
-98
-130
-20
-142
-32
6
-14
-256
-114
-28
-90
-70
118
-10
-102
-76
-202
-34
24
-298
-88
-146
-62
-116
-176
-168
-10
-298
-230
-156
-136
100
-32
-24
-106
16
-134
126
-112
-144
-72
-180
-58
-40
-178
-146
-224
-236
-190
-74
-226
-42
-224
-158
54
-114
-156
-54
-150
-176
30
-178
-230
-108
40
-256
-222
-6
-24
-76
-118
-120
-182
-238
-200
-134
-216
-236
-118
-98
-36
-66
-40
-268
-56
-184
-138
-54
34
-206
-246
102
196
-52
-140
-52
-130
-114
-206
-144
-152
18
-162
-114
-100
-170
-98
-218
208
24
-138
-182
-238
-80
-174
-204
-268
-258
-270
-138
58
-254
-108
-172
-160
-98
-114
-256
-206
-176
34
-68
-88
22
214
-78
-82
-118
30
-154
184
-178
-96
-140
28
-120
-72
-166
0
-174
50
68
36
-70
-214
120
-14
74
54
-24
-186
-66
126
-248
38
-224
-120
74
-222
-54
-168
-22
-136
234
-66
-138
-78
-180
-46
6
-140
86
-122
-232
-64
294
-92
-64
20
-110
-158
-150
-228
-298
0
-244
-16
92
32
148
-162
-140
-144
-158
-196
-18
-210
42
78
-68
-50
-14
-156
42
-116
-240
-216
-68
-2
-172
-166
-214
-74
-146
-200
8
-116
-54
-60
-208
196
-160
-282
-176
-216
130
-238
-270
74
-2
24
-92
-152
-186
10
-180
-150
-126
-130
-138
-84
-132
-156
-72
292
-150
-164
-182
288
0
-148
-196
150
-88
-254
4
-150
-152
26
-138
-288
-48
-220
22
-52
-294
-196
-198
44
182
-162
-228
-46
-136
-194
104
26
-78
-162
-192
-86
-134
-282
110
-100
-266
-32
-88
-122
-114
48
-204
290
-128
-274
-192
-130
-122
-220
-12
168
-76
-50
-152
-2
-236
26
-38
-180
38
-212
-232
-76
-252
-284
-270
-258
-42
-40
-246
-150
-248
216
-30
66
-234
-218
-268
-230
-84
-220
288
-124
-250
-246
66
-212
-114
206
-22
-148
-278
-90
62
-44
-292
-246
-20
74
12
-194
-126
-56
58
-168
-198
-200
-72
-218
-102
-136
-130
-168
-6
-218
68
-140
-146
-78
-178
-178
-118
-44
-96
-34
-156
-138
10
-188
-280
74
-218
-272
-222
-158
168
-202
-94
58
-114
-156
-298
-150
-170
-218
-198
-174
-292
-48
-112
-234
60
-64
-124
-34
-176
-22
8
-100
-194
-166
-58
-148
-152
216
-126
-138
-164
-52
-100
62
86
-170
-36
-120
-196
-44
14
-196
-52
-116
-218
-108
-212
4
-198
-198
50
-220
-224
-260
26
-40
-140
-150
-268
-110
-248
-90
-152
12
-118
-16
-176
-106
-228
-68
-154
-126
-186
-188
-196
-164
86
60
-264
-130
-12
-100
-244
58
-252
-148
-164
-126
-212
-80
-140
-150
48
-52
-48
-130
-204
-230
-194
-14
38
72
20
10
-206
-58
-188
-122
-252
46
-202
-256
-80
-198
-16
-70
50
144
-178
36
56
86
-48
-256
-280
28
-20
-228
-192
-34
-6
26
-238
22
236
-286
-240
-114
-54
-62
-148
144
-60
-194
-226
22
4
-250
-122
-294
-8
-54
-104
40
-128
-204
-98
-156
-38
-134
-108
26
-152
-36
-88
16
-44
-220
-118
-92
-148
-176
-160
-168
-146
-248
-152
-214
56
-232
-176
-266
-156
-124
-114
-28
12
24
-242
-184
-60
-164
-26
92
-118
-118
-250
-134
164
-124
-190
-156
-170
-14
-72
122
-12
-234
138
-60
-174
-192
38
-120
-136
-234
-104
-146
-212
58
140
-214
-248
-246
-108
-40
-78
-110
-114
-268
-126
22
-126
0
-180
-174
-40
-132
-112
-86
-130
-248
-214
30
-210
-152
-234
28
-180
-246
116
50
-188
-152
-100
-164
134
36
-180
-76
-216
-98
174
-260
126
-162
-140
-150
-86
-28
8
-42
148
212
-172
-176
-124
-126
-206
-236
-204
-46
-296
294
-228
-186
-140
-48
-98
-260
-116
-256
262
-232
-244
-8
-102
-110
-210
-84
-130
-90
-198
-92
-194
-138
-158
-18
-42
-44
-194
-86
-92
-10
-238
-172
-242
-114
-152
12
-166
-240
-148
-134
-38
-108
-108
20
-94
-254
-162
-122
-64
-94
16
298
-86
-180
156
-168
-174
-226
114
-184
0
-82
-214
102
-182
-28
-276
-56
-182
20
-36
58
48
-112
-48
-274
-104
68
-168
-192
-16
-140
-124
-12
-162
-70
-248
-258
-88
-276
-152
-198
-92
-160
-240
-210
-84
-152
-6
-168
20
-104
-118
-216
-114
-214
200
-256
-130
-206
-86
-196
-148
-94
128
-180
-94
114
18
150
-16
-248
-248
-92
-158
-22
-70
-132
-150
-126
-54
-56
-154
-82
-142
-90
46
-274
0
72
-116
-4
-118
-40
136
-288
-198
-218
-34
-94
38
-166
-188
-126
-100
-74
-94
74
0
-122
-174
6
-132
-80
-228
-12
52
-238
-220
-108
-78
-66
-54
-68
-76
-46
-60
-156
-266
-2
-104
-114
86
-248
-148
-76
-52
-214
-92
-198
-10
-96
-184
-86
140
-224
-222
-98
-242
-142
-180
-196
-120
-100
-82
66
-78
-74
-74
-112
-114
-100
-260
-54
-224
-102
6
-160
-2
-140
-236
-274
-48
-128
-48
-162
274
-88
-122
-132
-232
-236
-154
-102
-224
-176
-198
-278
-258
-270
-264
-70
-226
-98
-170
-128
-172
-248
-240
-94
-192
-184
-110
-128
-242
-216
-178
44
-292
-208
-154
-106
-170
-160
-194
-272
152
-300
-166
-94
-190
-100
12
-84
-90
-174
-138
-230
-242
-66
-108
28
-86
-240
-158
-186
-84
-68
-126
-176
-236
8
-152
-40
-210
-242
-34
-68
-86
0
-88
-138
-226
-98
-224
-232
-232
-96
-162
2
-34
-240
-114
-34
-112
-214
84
-232
-178
-16
-134
-206
-206
-138
-148
118
-38
6
-126
-282
20
-144
-48
36
286
-182
-224
14
-82
-6
-258
-158
-106
-90
-22
-180
-110
-214
-198
-148
60
-116
58
-222
-220
-38
-20
-62
-280
-46
-190
-166
-152
-20
-212
-112
-120
-220
126
-90
142
-142
-100
-82
-202
-124
-94
8
-114
-26
-290
-116
-30
-112
-64
-186
176
-40
-22
-104
-108
-42
-20
-216
-160
300
-178
86
86
-252
-44
-114
-208
-24
8
0
-30
-76
130
-12
-168
-136
-250
-102
-78
-36
-58
-172
-198
-112
0
52
-136
164
-240
22
42
-182
-160
-122
-86
-286
-242
-202
-72
60
-220
-224
-142
-90
138
-122
-40
144
74
-62
-152
-130
-172
-128
-156
-202
-40
-276
-144
-38
-286
-216
-96
-82
-224
-196
-38
32
-134
64
-122
-268
16
-180
118
300
-204
-60
-266
-146
-114
4
-48
-170
-132
-66
-176
-84
32
-92
-150
-48
-2
72
-54
-42
274
-210
-236
16
-230
-76
-68
-192
-58
-130
44
-64
-208
-144
-112
-250
-160
98
-214
-240
-134
-188
80
-86
-138
-48
-148
-106
-208
-86
-92
-136
-210
-38
170
-146
-200
-42
16
-166
-88
146
-56
14
-22
14
64
-164
-216
-114
-180
-30
-92
-12
-224
-194
-200
204
-102
-196
-240
-210
138
-162
-264
-192
-68
150
104
-120
-152
-138
-76
-180
-128
-166
-256
-24
-134
68
-48
-256
-154
-38
-142
-282
86
-210
50
-204
104
-96
-162
-58
14
-216
-132
-250
-172
-26
-286
-186
-248
-112
-188
-54
26
-224
-158
-156
-4
-190
-66
-232
-222
10
-32
-26
-210
-184
-94
-108
-136
-100
-266
-116
200
-194
42
-148
-132
-190
-126
-222
-30
-146
-250
-150
-142
-138
-248
-154
-66
-210
-124
-64
-176
80
-98
-98
-58
-124
-198
-122
-238
-66
-64
-140
-106
-194
-150
12
-66
-248
-8
-216
2
-152
-170
-204
-100
-114
-168
40
-172
-206
-160
-98
-260
-170
-130
-108
246
-152
-218
-184
-40
-98
-196
-236
-236
-56
152
-64
230
52
-124
-80
-138
-8
-112
-156
124
-112
28
192
-190
-252
114
120
-128
-106
-124
-154
-210
-256
116
-172
-70
-240
-254
-244
-166
-82
-32
-268
106
114
-126
-176
290
-278
10
-126
-48
-238
-174
12
-68
-72
240
-282
-112
-120
98
-104
-218
30
-160
-144
-114
-180
-94
-18
-220
-228
136
-244
-212
-20
-170
170
-198
-132
-222
-44
-104
114
196
-106
-150
-4
-112
-130
-76
130
-136
-198
-200
-202
-98
-208
-60
-194
-90
-168
-270
-172
226
40
-108
-60
-168
-242
-92
-110
-128
-62
-128
-270
-188
-92
282
-154
-206
-222
-198
194
-248
-46
-102
-148
-130
-52
-80
-164
48
-228
142
-194
-90
-192
-192
-64
-4
114
-118
-214
-82
-124
-202
-70
-172
-154
-120
-158
-86
-38
-296
102
-258
240
-154
-66
16
-248
-122
-114
-38
-84
-162
-220
-48
-172
-122
-154
-252
-208
-30
-26
-226
-76
-126
280
120
-26
-180
-196
-180
176
-196
-128
-248
-194
-104
32
-128
12
46
-148
-66
-202
-210
-94
-230
-214
-72
-204
-132
-176
-150
-176
-68
-174
32
-8
-242
-46
-18
-52
-100
144
118
-296
12
-188
-170
-48
-280
-76
-180
-238
-126
-220
-162
130
-184
-162
-206
-200
-68
-98
24
-156
-206
-170
-6
212
-154
-62
-14
66
-146
-18
170
-112
-6
-192
-190
-122
-122
-170
-248
-194
12
-162
-148
-180
-68
-246
-164
-104
74
-80
-126
-122
-198
8
-244
-148
40
-74
-182
-220
-246
-90
-212
242
-194
-162
180
-62
-262
6
-110
40
-142
-96
-236
-94
-96
-196
-174
-40
-4
-90
-116
-148
-206
146
-140
-152
-254
-146
-196
-278
-224
-242
-38
-236
10
-162
-84
-120
42
-46
-232
-84
-252
-170
28
-218
-170
-54
-110
-78
-92
-88
6
-60
-86
258
-90
-130
-62
-90
-182
186
-96
10
-84
-154
-132
-88
-230
-284
-56
-92
-142
-8
-92
242
-200
-262
18
-266
-150
120
-30
-118
-138
-204
-272
-112
-110
-150
-104
-160
-134
-230
-192
-214
28
-258
-160
10
-114
-182
-118
-138
-204
18
298
-250
-38
-102
-256
-258
-248
166
-110
-208
2
-16
-146
-114
-44
-130
40
-198
-182
-254
-36
0
-74
-94
-282
-150
-92
138
-232
-82
-170
-74
-118
-12
-136
-104
-48
290
-28
-192
-196
-50
6
-20
-162
-96
-138
-82
-182
-136
74
-168
-286
-10
-178
-256
-34
-198
-72
-130
-136
104
-82
-190
-234
-130
-214
112
-108
-264
-46
-228
-124
78
-234
-136
-298
-230
-116
-232
-240
-192
-96
-264
12
-268
-160
40
-26
-80
-34
-292
-96
-246
-64
-148
-16
-76
84
-220
-300
-58
-252
-144
-236
-214
-40
-104
-176
-106
-58
72
-126
12
-256
42
22
-168
28
-238
-64
48
-238
212
-170
-258
-170
-206
-186
134
-172
-102
-40
-172
-256
-88
-164
108
-34
-282
-100
-140
-160
52
-222
-158
-36
-92
60
-288
-104
-298
-166
-30
-126
-2
-146
-180
-186
-92
-126
-120
-136
-244
56
28
-180
-114
-148
-40
-70
-26
84
-130
-134
-224
-50
-132
192
44
-156
-208
-216
-180
-66
-174
184
-158
68
-134
-104
-22
-228
14
-230
-158
-58
-204
-262
-202
-230
76
6
-220
-286
-146
-192
-128
-220
-100
-60
-194
-152
-82
-180
-84
-220
-10
-47
-232
114
-126
-178
-12
-128
-10
-116
-198
-208
-252
-236
202
-216
-226
-152
-28
-76
-100
-300
-182
-148
24
-222
8
-6
-188
-18
48
-110
-146
-138
-184
-38
-152
118
-98
-32
-208
-160
48
-152
-288
-184
22
-232
-146
-98
-140
-142
-176
86
-256
-178
14
-208
-170
-142
-162
-28
-88
-208
-142
-102
-138
118
-294
-168
42
-42
34
-166
226
-132
-8
-168
-226
-68
-110
-30
-120
-230
-280
62
-40
-136
-202
-96
-48
-190
-146
-230
-186
-182
-38
-124
-190
-122
-114
-8
-188
34
-188
-20
-8
-152
-198
36
-210
-128
-284
-130
-248
-136
-86
-50
-56
-194
-40
-14
-66
14
-298
-224
-178
-34
-98
-214
-252
-200
56
-124
-126
-50
-210
-156
30
-90
-150
-246
-96
-94
12
34
-188
-58
-206
-60
-28
-116
-220
-150
-78
-184
-88
-70
-118
-196
-138
-152
-198
54
26
-6
-14
-172
-170
-298
170
-18
-60
-172
-192
-242
-130
2
-62
-22
-178
-92
74
-128
-38
-62
68
172
-182
-212
-122
-110
-244
-104
-192
-158
-156
-176
56
-194
-148
-78
-86
292
50
-262
-140
-162
-96
-92
-224
12
70
-250
-142
-148
202
-118
44
-128
-218
-224
-256
-38
-76
-226
-198
-200
-214
-152
78
-208
-188
-232
-46
-182
-66
-28
-78
-118
164
46
-30
-128
-260
-186
-36
-28
-84
-10
-124
-246
-106
-196
-64
-190
-166
-150
-4
-8
-182
-158
-2
62
-100
-142
-244
-156
-120
-100
290
-252
-220
-96
-170
-116
194
-96
-2
-138
-192
-150
-58
-288
40
-138
-248
-72
-144
-188
-238
-164
-266
-46
-154
-154
-96
-202
-184
100
-58
-136
-266
28
-182
-180
42
-222
-76
-22
-186
-92
100
-122
-196
-100
-60
94
126
-250
-258
-20
-98
84
-260
-264
-190
80
-244
-146
-138
-194
22
-140
-188
-142
-224
-226
-8
-120
-114
-122
-84
-190
-144
62
-66
-130
44
-122
-124
-126
-60
-168
-186
274
8
250
-160
-2
-224
-208
-54
-66
-152
52
-162
-234
-202
44
0
-90
-88
-156
-40
-150
2
-20
-158
-18
2
-244
-38
-90
-144
80
118
-60
-118
-178
22
-142
-166
-140
-86
-118
-12
-118
-252
-120
-216
-132
-136
-112
-238
-158
-118
-4
64
-202
-78
-168
-130
-202
-170
-162
170
-86
-102
-74
-162
122
-294
-82
24
-26
-110
-212
-14
-194
-58
-96
68
-222
-162
-248
-214
-222
68
-300
114
-214
-178
-234
-126
-98
-156
-122
-10
-120
-182
-228
-220
-284
-200
-22
-192
-162
-180
-172
-166
-88
-116
-162
24
-184
-144
-26
-142
-102
-146
-232
68
8
-124
-32
-204
-294
-204
-8
-108
-160
-56
-96
-288
-2
-160
58
-30
-184
-30
98
-4
-192
-242
60
-148
-70
-100
-180
12
6
-88
-254
22
-190
132
-254
-154
-142
-200
60
-60
-188
-22
-106
-188
-140
-152
-32
-202
98
-150
-256
-8
-280
-204
16
-62
-236
96
-272
-128
-48
-268
-20
-80
-90
-144
-204
-130
-168
232
20
-58
-220
-214
180
-254
-248
-34
-70
-38
-140
-268
-62
-134
-28
156
-226
-290
-124
-276
-132
-114
290
-108
-198
36
-120
-198
26
-204
-252
-134
-44
-102
-68
-56
48
-154
-178
-160
-72
206
-142
-134
42
-154
-116
-170
-278
-22
164
-92
90
-96
-218
-102
-10
292
136
-124
-122
-234
-200
-90
-160
-234
-124
-150
-166
-84
-124
-196
-186
-124
-32
22
-60
-274
-172
-142
-46
126
-6
70
-138
-212
124
-154
-74
154
-196
-176
-216
-98
-100
20
-108
-86
-122
-62
-56
4
-78
6
-142
-52
-138
-182
0
-100
-114
-42
152
-118
-58
-188
178
-84
-206
-184
-126
154
-84
-146
-224
-170
-46
-42
280
-118
-138
-8
-182
-234
-20
-174
50
74
-134
-76
-136
104
68
-86
-292
-198
64
-198
-94
-122
-124
-238
-116
-56
-138
-190
52
-160
-116
140
-234
-200
-54
-224
-294
-216
-54
-234
-66
-96
-192
-26
-132
-122
-114
130
150
-124
-136
-128
-120
-134
-116
102
-114
-118
52
-58
-168
-206
300
-142
-68
-264
-140
-146
-166
-110
-70
-110
-170
-96
-214
-118
-44
-256
-132
-218
228
-174
-252
-10
-222
-130
-146
-30
-204
-136
-28
-202
88
-176
-64
56
118
-174
8
-166
-8
-218
10
-182
100
278
-160
-116
-162
-216
-94
-256
-156
-168
48
-158
-58
-28
-88
-246
-74
-244
-274
-66
-134
-192
-148
-100
140
-80
-94
-204
88
-132
-166
-164
138
10
-138
-120
-204
-140
-124
-150
-228
-68
-128
-82
-180
-222
-202
-76
164
-200
-112
-100
-190
48
-106
34
-8
-244
128
-194
-244
-180
-236
-88
-194
26
-210
-86
-134
-238
-58
-40
-100
-4
-16
-146
10
-6
58
186
40
-120
-34
-32
-144
-210
-252
-162
-176
-154
-104
-156
-196
-214
-240
-72
-176
-154
-252
8
-124
-56
-40
6
-78
-92
74
16
-150
-206
-134
-170
-236
76
-76
-158
-152
-196
-194
-186
-200
-94
-48
-88
-232
24
-138
-110
-188
-288
-94
-116
-46
-212
-212
-104
-228
-206
-176
-158
-54
-262
-98
-180
-32
-154
-104
-192
-176
-256
-204
-158
-66
-104
90
-198
-12
-134
-50
-244
-186
-198
-174
-264
-200
-254
-56
-170
-186
74
-104
-8
42
-86
-36
-10
-144
-154
-70
-188
-124
-168
-130
-144
-26
-150
-210
24
170
-210
-298
-254
-232
-234
-174
-118
-18
-172
26
-182
-194
-108
-188
256
-160
-106
-60
-234
78
-262
-168
24
-150
-162
294
-196
-80
-142
-170
-114
-150
114
-136
212
-280
-176
-220
-292
-188
-174
-132
-250
-94
-172
-182
-88
-56
-112
-216
200
-210
-248
-76
-82
-50
-148
-260
-122
-184
-118
-144
2
-164
-246
-54
-172
-156
-56
-34
-90
-110
-170
-112
-120
-106
-178
-242
18
-86
-152
-228
-170
-208
-28
194
-116
-118
-98
-6
-96
150
-196
-112
42
-262
-90
-272
-108
-62
-224
116
-218
-98
196
14
-220
-174
-210
-218
-156
-222
-226
-216
-188
-6
-248
-88
8
-4
-74
-202
-184
-226
-82
-30
148
-140
50
-276
-266
-190
122
-258
26
-166
-120
-66
80
296
-164
300
-156
-70
-158
-294
-142
-96
-70
-126
-46
-174
-246
-152
-82
-136
-84
-162
-52
28
-268
-172
-236
-156
-148
-236
-38
-52
-264
-282
-286
52
-86
-72
28
-114
116
-100
36
-220
168
-82
-72
-194
-138
-74
64
-74
-120
-204
-166
-234
-74
-206
250
-140
-140
-96
-44
132
-164
-160
-258
-108
-198
-192
-254
-198
62
-122
-238
232
-60
-138
-196
-122
-158
-34
-202
-136
-62
-154
-218
-164
-38
-124
-70
-82
-216
-90
-108
-106
14
18
62
-4
86
-164
-148
-202
-100
-92
-32
-262
-156
-154
-98
-150
-160
8
-218
-98
-94
-20
-32
-54
-94
-292
-120
-142
-214
-44
-70
-80
-100
-108
-196
-72
-54
-252
-134
-170
-254
-90
-138
-52
-184
28
34
-142
-24
-204
-10
-164
-186
-126
-16
-208
-244
-194
-252
-182
-182
-218
-102
-210
-56
-80
-22
-204
-148
-208
30
-294
-186
-146
-84
-190
-258
-196
-36
24
-100
-166
-56
-14
88
-130
0
-124
-270
-274
-278
-110
-246
-156
-278
-60
-106
138
-18
-196
-36
88
-10
20
82
-176
-264
-64
-84
-162
-114
-120
-118
-268
-20
-86
-158
-54
-160
-196
-22
206
-90
-182
-20
-78
-190
14
-18
-298
-94
76
-214
-40
-20
48
-208
-200
-228
-106
140
-150
-62
-42
-176
104
-252
148
-84
-230
88
-192
-228
-226
-182
-210
-10
-262
-20
-20
206
-192
-118
-152
-58
-200
78
-116
70
-38
-140
-118
292
-242
-244
-212
-268
-192
-180
-116
-148
-266
-42
-248
-48
-296
-154
-184
-238
-212
-178
-32
-64
-186
-222
18
76
-182
-284
-50
-120
-268
60
-54
-34
-82
68
18
-248
-100
-132
-42
-140
-82
-84
-88
84
-148
-24
-182
-238
-168
-148
-134
-214
-272
-76
-278
12
36
-172
-130
-138
-228
282
-192
148
-176
-250
-180
-126
-10
-266
-56
0
-234
-76
-10
186
-80
2
-138
-190
-222
18
-204
-90
-274
-210
-64
-224
-256
48
-134
-174
-146
-38
-212
-198
6
60
44
-106
-152
-138
-270
-218
-46
-28
-236
-10
-198
-192
-24
-118
-36
-56
-24
-220
-226
-228
-160
-238
-212
-152
-226
86
-220
4
-224
-62
-48
94
66
-140
-38
-192
-166
-198
-182
-212
-56
-58
-172
-190
-138
-98
202
142
-238
-206
-90
-220
66
-40
-90
-214
-180
-22
-122
24
-42
-234
-82
-192
-144
-200
68
-248
-38
-186
-160
-252
-18
-160
-96
-134
-48
-84
-222
-208
22
-102
-52
-232
-80
14
156
-276
-226
-278
-176
2
-128
-228
-52
-230
-66
-124
-176
-54
-120
-206
272
-164
96
-182
12
-250
-152
-232
-240
-220
-138
118
-6
-106
-150
-218
-168
-150
-204
-172
-42
-62
-140
26
-16
-188
24
-228
32
-146
-260
-172
-234
-152
44
-126
-244
-130
-102
212
-148
-90
158
-200
-130
-34
-80
-36
-140
-84
-182
-10
-186
-174
-80
-188
-114
-34
-22
-156
-214
-272
-136
-178
-160
26
-124
-92
-156
46
-86
-196
-22
-92
-64
-238
-268
-144
-260
-164
-36
-98
-172
-206
36
-170
-202
-184
-228
-132
-98
2
-56
-4
-134
-112
-44
-120
-218
-240
-284
-234
-88
-192
-276
-158
36
-170
-258
-100
132
-88
-88
88
-176
-64
-174
-160
-82
-284
-48
-188
72
-20
-22
-282
-120
-42
-130
-64
30
-46
-224
-110
-166
-288
98
-76
-106
-200
-52
-54
-48
-162
-212
-110
54
-160
-52
-134
-134
-102
14
-148
-264
-152
52
-144
-144
-162
-184
-32
-100
-70
-284
-38
-132
-76
-128
-172
-130
-196
-220
-162
-20
-54
-184
-106
60
28
10
-218
-122
-92
-194
-172
-238
-78
18
-178
-36
-128
-230
234
-54
142
18
-182
-58
-280
-216
-228
-44
44
-234
-110
-158
-204
16
-174
-206
-294
-116
-38
-126
-42
-154
-126
-2
-144
-2
6
-216
-96
-254
-122
-80
-254
-46
40
-102
-228
-100
-20
-158
-218
-164
-46
-188
-84
-120
-90
-98
48
-46
-228
-192
-238
-48
-14
-210
-218
-138
-234
30
-62
-128
-184
-246
-110
-148
-132
-226
-134
-56
-198
-66
-86
14
-144
-236
-190
30
-136
-198
-144
-208
-222
126
-30
-130
-160
-78
-182
-118
-176
-132
-72
-62
-174
-222
-146
-200
54
226
-114
-148
-142
-102
-56
-172
52
-246
-140
-152
-256
-260
-164
-94
-280
-4
54
-226
12
122
24
-256
-44
140
-92
12
-122
-116
-28
108
-236
-160
-134
-96
-118
-14
-94
-134
-120
-160
-148
-184
-174
-80
-30
-162
-54
-162
52
-8
-224
-58
-214
-90
-236
-194
-74
56
-278
-48
-166
-60
-108
-36
-156
-296
-40
-168
-170
-218
-252
-222
-78
-224
-284
-44
116
-144
230
-22
-72
-212
54
-254
-230
70
-76
-160
46
138
-94
-204
-150
-236
-48
-144
-32
-152
-22
6
-240
178
-180
-178
300
-42
-18
-132
-244
-118
-82
-202
-78
-180
60
-60
24
-70
-110
26
68
-200
-148
-188
-38
-72
-222
-108
-22
-182
6
-190
-96
-296
-192
-90
-168
-138
54
-236
-280
-52
-46
254
-222
86
-32
-120
48
-84
-190
-210
-124
-144
14
-262
-206
-160
-160
-112
-292
-66
-94
-148
38
-4
-236
-82
-16
-30
-252
46
-166
-146
-156
-106
6
-192
8
-104
-276
-160
-258
-114
-54
-242
-216
-242
-36
-100
-108
-210
-124
-262
-98
-158
-34
-140
-266
-236
-156
154
-22
-200
-226
-166
76
-102
-136
-118
-18
-210
-154
-54
294
-150
-294
-120
-64
-138
-70
-58
-190
-218
-158
-4
-210
-210
-172
-28
-230
-210
-130
-246
-272
-2
92
14
-142
-170
-56
290
-188
40
-122
-104
184
-148
-44
-206
98
-30
96
-222
-126
-208
-252
-154
10
-174
74
-32
-96
-92
-196
-112
80
-188
-40
30
104
-92
-26
32
32
-188
-204
-138
78
-214
2
-110
-116
94
-114
-164
-190
-96
0
110
-232
-160
-92
-262
-288
-138
-176
-190
52
-198
-244
-120
-182
-156
14
-174
-192
-134
-216
-224
-18
-234
-250
-226
-182
-246
-46
-86
32
10
-26
-20
-160
-198
-182
-40
-96
-162
0
-180
-50
-72
-42
-70
-120
-220
-52
-170
20
-180
-88
-214
6
-86
-286
160
-262
-210
-158
-204
-186
-44
-132
-194
-144
-182
-130
-298
-30
-142
-208
-196
-208
-46
92
-110
-228
54
180
50
-172
66
2
-160
18
-102
22
-86
-94
-124
-166
-188
-152
-132
-160
-144
-150
-206
-258
-84
-254
-242
-140
98
-90
-32
-58
-52
-192
-112
-200
-152
-74
-230
-34
96
-50
-28
-226
-96
144
-228
24
-106
20
-174
-224
-222
120
-140
-144
-292
8
2
26
-236
-120
-228
-50
-172
-158
-144
-244
78
10
-52
-226
-136
40
-184
-136
82
10
-294
-300
-212
-134
-16
-114
-108
-236
-100
-4
-218
-14
-210
-46
-190
-60
136
-120
270
-122
-170
-208
-194
-48
-6
-270
-112
-20
14
-132
10
50
-250
-128
-56
-164
-144
-184
-124
102
-90
-154
-110
-116
-142
-212
-212
-100
-14
2
-220
-202
-198
-90
-166
-194
-58
2
-62
-232
-180
-226
84
48
2
-188
-122
-244
114
34
-144
-172
-118
-178
-32
-134
-220
-232
-170
10
-44
-154
-54
36
-250
-42
-130
-128
-116
-256
106
-124
-122
-152
-120
30
-176
-20
0
-112
-36
-206
-242
-184
-152
-36
-76
-114
-178
-54
-260
-222
-84
-164
-28
120
-80
-276
-254
-120
-188
-250
-132
-98
48
-172
-44
-184
4
-90
-156
-102
-56
-10
-260
-20
-130
-154
-120
88
-90
-20
-72
-158
-250
-128
-202
-88
-36
-44
86
2
-216
-128
-206
-100
-254
-112
-232
-114
-20
-188
-276
-212
-134
-32
-198
-162
-164
-234
-180
-6
-156
-174
126
-186
-258
-172
-152
-266
-146
-192
-144
-86
28
-224
-64
-120
-122
-6
-112
-196
6
-72
-248
-116
-36
-38
-24
-262
-146
-88
-170
-202
-142
-234
-88
-58
64
-178
-126
-206
-218
72
-34
-46
-14
-186
6
-278
-52
-12
-162
-130
-14
240
-10
-238
-102
-136
72
-210
74
-246
-202
216
4
-162
-108
-210
-86
-152
-108
-120
-42
-256
-116
-178
-172
-78
90
-174
-268
-52
-282
28
14
-36
84
2
-240
-120
-230
-232
-236
-178
-30
-76
-164
-172
-2
240
-126
78
-138
-110
-28
-226
-290
-202
-144
-4
-210
-282
-80
-258
-100
46
-252
-144
-16
60
-194
-182
-200
-14
-62
-188
-168
108
-160
-180
6
-162
-36
-24
-230
-122
-138
-82
-100
-126
-180
-200
116
290
-102
46
-132
34
-22
-158
-188
-216
-106
-266
116
-220
-100
-204
-298
-236
-160
-190
-86
-158
-220
-164
-142
-30
-150
-286
-112
-174
-184
-242
-12
-36
102
-138
-44
-18
-156
-178
-36
-168
-178
-206
-194
106
-226
-222
-202
-182
-8
-224
-196
58
190
-136
-68
-222
-198
-180
-228
-138
-26
-126
-150
-206
-104
-264
70
-270
-200
6
-64
-62
-58
-144
-228
-70
-32
-20
48
-194
200
-100
-150
-140
-180
50
10
-142
-190
-266
-150
-62
-282
-158
-130
-136
26
-176
56
-132
238
-44
-152
-230
-184
-258
-206
-100
-122
-208
-32
-16
-270
130
-100
-280
-84
-196
-122
-44
-182
-140
-226
-110
-232
-152
142
-278
-96
156
16
82
-70
-182
-176
-140
-56
-134
-66
-38
-244
124
-12
-90
-252
-204
-248
-24
-120
-14
-104
-42
38
-198
-234
-296
-240
-192
-136
-268
-120
-122
-62
-122
-200
-54
-272
52
-252
-222
-156
-54
-234
-42
40
-240
-200
-36
-140
-134
-62
-90
-202
-42
-290
-138
-172
-144
-190
-12
-18
-124
-198
-222
-200
-114
-106
-40
-180
-202
60
-150
-182
-100
-162
-210
-74
42
-118
-194
-160
-124
-32
-46
30
-198
20
-252
-284
-238
298
-170
-146
-58
-146
-2
-140
-32
-78
-242
-114
-62
-222
-158
-194
-162
-42
-6
-124
-188
-12
-48
-154
-110
122
-174
-174
-20
-12
-194
-236
-170
48
-86
-48
-200
-240
-82
-170
-96
-292
-6
-246
-8
180
124
-206
-92
-184
106
24
-176
-208
198
90
4
-114
-256
-200
-116
-182
-114
-180
-116
-56
-58
144
-30
-286
-234
-78
-200
10
-128
-142
-300
-118
-258
-240
-138
-186
58
-214
-44
-260
-164
-218
40
-66
186
-198
-212
-36
-98
-78
-212
-184
48
-210
-178
-162
-36
-38
4
-76
-198
-86
-182
-82
-48
-118
36
-174
-134
-156
-78
-132
-60
44
-48
-92
-2
-124
180
-134
-26
-36
-168
-204
-224
-84
-94
-164
140
-218
-210
-58
-196
-226
-120
-118
-148
-228
-2
-138
-52
-116
-134
-142
-240
164
-54
-112
162
-254
-186
30
48
-28
-36
-108
-26
-152
-288
-106
-118
-82
-106
-86
-110
-114
136
-134
-246
-238
-90
-182
-264
-240
-172
298
8
-132
-114
8
-208
-232
-104
-150
-10
-182
-230
-234
116
-72
96
8
30
-84
22
-166
-162
-6
194
0
-132
70
-168
-38
-44
2
-202
-252
-80
-184
298
-200
-222
-208
-272
98
-172
-100
-136
46
92
42
-190
172
-80
-216
-104
-124
-130
-250
-244
-86
58
-114
-120
-92
-26
-194
-56
-168
-84
-2
-28
-226
14
-174
26
112
-84
-152
-144
-102
44
154
-256
-44
38
-266
-220
-260
-30
-114
-106
-96
-192
-150
-66
20
-26
-206
-152
-246
-118
70
-258
-116
-94
-208
-192
-138
100
-128
-112
-274
-130
-78
-112
-252
-236
176
-10
-244
-46
-206
-234
-182
-196
-132
-124
-176
-220
-128
-56
-70
-272
-214
-256
130
-110
-108
-104
-214
176
-230
-158
-112
-270
-178
-108
-270
-208
-128
-186
-168
-214
-60
-20
-102
-296
-144
-174
-214
-140
42
-136
-234
102
-74
-160
-94
-226
-56
-24
-24
-128
-132
-94
226
-100
-126
74
-270
-202
-124
-276
-208
-82
-106
-124
-124
-276
-132
-182
-130
-270
-112
-122
-72
-68
46
-114
-56
