-206
-164
-106
-92
-98
72
-66
-162
-188
58
-194
-224
-12
254
-136
-86
-2
-198
-168
42
-8
-98
-24
-100
-94
-138
-56
76
102
-158
-238
-166
-32
-228
-142
-248
-144
-56
-130
0
-2
-86
-122
-112
-22
-136
-28
-250
-178
-204
-210
70
84
56
-122
-292
-144
-160
-104
-80
-56
-140
-194
-180
-200
182
-84
-118
-192
-240
-116
-90
-132
-170
88
-206
-196
-220
-38
-156
-210
-104
88
-264
-156
-2
-96
100
-88
-76
-152
-188
-42
70
-212
96
-74
-150
-248
-206
-98
-180
28
-208
-40
-134
-118
-116
106
-186
-88
-102
-128
230
-204
-198
26
-272
-34
-184
-184
-178
-218
-208
182
-82
-176
22
-234
-166
-240
-4
-92
102
-104
-116
-120
-102
-242
-24
-148
-300
-64
-144
-116
-210
-142
-142
-180
-68
-60
-82
-50
-220
-132
160
-154
-210
208
-196
-186
-50
-280
-156
-50
-150
-104
64
-178
88
-174
-106
-190
-2
-186
-228
100
90
-122
-152
-210
-142
-14
-118
44
-158
-230
-194
-256
-288
-68
-68
54
0
-148
144
10
-134
-220
-106
-260
-214
-208
-196
-242
42
-200
-10
136
32
-166
-258
-58
-112
-44
58
-240
-206
-146
-56
-248
-176
-64
-236
-224
-4
-72
16
-240
-146
-40
-234
-66
-66
-192
-52
-184
24
-132
-144
292
-142
-188
-154
-28
-136
-200
-208
-186
118
-174
-262
-252
78
-270
-260
-142
-118
-254
-200
-16
-54
-108
-148
26
-146
-104
-72
-128
-46
-246
-24
2
-256
-164
226
-32
-62
-162
10
18
-14
-116
-116
186
-178
-92
-212
-204
2
156
-192
-160
-24
-140
-122
-158
-6
-124
-144
-74
-246
-58
-162
-230
-204
-20
-248
-196
-44
-174
-74
-228
-188
-208
-206
-134
-170
-2
-160
-74
-258
-130
-86
-146
-160
-184
-32
6
-114
84
-182
-78
226
-84
-144
-58
36
-66
34
-138
-56
-130
-70
-148
-96
20
-222
-218
80
12
-10
-162
-80
-116
-128
-160
-124
-194
-274
-44
-22
-22
-208
-198
-142
-192
46
-220
-268
-96
-20
-78
-114
-108
-40
52
-210
-214
-86
-50
-142
-248
-132
-64
72
96
8
-160
-208
-210
-72
-296
-246
-100
2
-114
-208
-68
70
-248
300
-32
-164
-102
-206
-180
-180
-28
-160
-56
-236
34
-160
-138
-148
-256
-244
30
-116
-210
-166
162
-126
-24
-120
-188
-54
-110
300
-102
-62
-70
-134
-34
-80
92
34
24
-152
-42
-156
-194
-168
-218
-156
48
-168
-168
-178
-206
-166
-204
58
-226
-198
-72
-138
66
-32
-224
172
-236
-48
-118
-122
-212
12
-72
-238
142
-82
-224
-186
-212
-52
-180
-88
-212
-100
24
-34
-262
-32
-198
-42
-46
20
-136
-130
-54
-226
-166
-214
-134
-66
-12
-256
-100
-94
266
2
-170
-186
-78
10
-170
-284
-270
-116
-52
-206
-204
172
-100
-150
-158
-106
-138
-278
-80
-198
-264
-160
-88
-292
-124
-240
-94
144
-204
-198
-108
-2
60
-220
-142
-54
76
-98
-110
-6
-152
-286
-218
230
-110
-202
136
-114
-192
60
-122
-262
-208
-54
-134
-202
-164
-188
-130
-110
-4
-248
-64
-42
-232
-186
-188
-106
-136
-102
-166
88
-82
-140
-56
140
-218
-194
92
-204
-116
-126
-236
28
138
-116
-120
-278
-240
2
-48
-200
-126
-2
110
-144
-58
-92
36
-154
12
-10
-118
-76
-166
-192
-238
-46
-32
130
-30
-70
-92
26
-20
-90
-116
-80
-92
-62
-24
-48
-106
-2
260
-50
-88
-244
-52
-146
-92
-138
-40
-210
-122
134
-52
-90
-202
-134
-244
26
-12
-140
-180
-62
40
-170
-132
-118
-180
48
-102
102
-208
-108
26
-84
-44
86
-202
-222
-24
-178
-272
-106
-160
-122
4
-50
-276
42
-80
236
-190
-94
2
-130
-56
-172
-14
-26
-6
-250
-118
-42
-104
-112
-134
-52
-142
134
-76
-170
-214
74
-154
-228
-78
-28
18
-258
-116
-6
-8
-116
-188
-46
-184
-74
-58
-234
156
-220
-44
-2
-68
-162
-12
-128
-64
162
-162
-4
36
-164
26
-110
-62
-252
-90
-112
-230
-236
54
-208
-200
-270
0
-128
-20
42
-38
-274
-70
-102
-290
-90
-30
-66
-152
-48
-272
-188
-130
-6
-16
-60
-150
-112
-22
48
-282
-38
32
-162
-162
74
50
-208
-44
52
-134
28
-126
-190
40
-142
-18
-84
-22
-18
-218
-44
-142
-42
-188
-178
-172
-86
-258
-198
-138
-106
-58
156
-264
-106
-150
-88
58
-26
-104
-82
-214
-224
-266
-8
48
90
296
0
-18
-36
-28
-228
-82
-54
-230
-186
-90
-142
-240
-220
-206
-232
-218
-166
-270
-98
-136
-154
-184
-218
-118
154
-232
-118
94
-106
-70
-122
-180
-132
250
-194
-158
-210
-238
44
-16
-154
214
-238
-270
-126
-254
-98
-208
-196
-256
-30
-54
-162
-50
-152
-96
-100
-94
-102
-200
202
-226
-114
-124
-10
170
36
-82
-146
-268
-210
-218
-200
-84
-48
-58
-220
-164
-150
40
-250
-80
30
52
-108
-144
-216
-10
-234
142
-172
24
-148
-148
198
-174
-30
-46
14
-142
-228
-38
-106
-62
-16
-168
-186
-122
-108
-32
-146
-106
-162
-230
142
-170
-104
-68
-266
-116
-136
-86
-30
-100
-106
-216
-22
32
190
-14
-294
-150
224
-190
50
-50
-94
-168
-84
-240
58
-18
-92
-12
-86
-106
-138
-194
-128
-186
-256
186
-230
-122
-62
-116
-160
-76
-22
10
-120
-224
-90
-50
-42
-234
-216
-196
-180
-112
-166
-200
-34
-288
-188
48
-114
-80
-196
-90
-146
-202
60
-158
6
-238
-126
-138
-146
-224
-182
-80
-52
-114
74
-52
-258
198
-174
-164
-132
128
212
10
146
-246
-86
-80
-86
-166
28
-102
-98
-118
-90
154
-150
-84
-38
-196
-174
-282
-38
-12
-140
-52
-208
124
-104
-56
26
-46
-116
-134
-68
-104
-184
-298
-130
88
-282
-164
-152
-20
-124
-176
-174
-202
-190
-86
120
-170
-160
-132
-228
-220
42
-206
-2
-30
-136
-214
-92
-60
-50
8
48
-100
-118
-200
-200
216
-246
-138
-64
-8
-262
-178
-146
-214
-170
-196
-168
-104
-58
-132
-258
120
196
-218
-118
14
70
58
-142
-224
-266
-170
-170
-104
-68
94
-128
-170
-92
-38
36
32
-20
-132
-272
-84
-180
266
-24
192
-84
-248
-212
-48
-80
32
-206
-22
-52
-224
-148
-200
-142
-298
-218
-174
-68
-142
-180
-212
-80
6
-264
-220
-240
-210
-192
-256
-82
-198
-116
-114
-32
-14
-44
-96
-50
-160
-238
-44
-180
-126
-134
-114
-34
-90
-172
-112
6
-224
-250
-258
-104
24
-274
-62
-250
-140
-58
138
128
-116
-112
-226
-56
112
-26
-96
-86
28
-236
44
2
-86
-136
-106
10
22
-262
-112
-162
-108
-30
-206
-190
-244
-148
-38
-182
-40
20
-90
-98
50
32
-72
-176
-170
-110
-188
-118
-94
-154
-258
-140
-40
-38
-136
-104
-74
-150
-146
-38
48
-72
-150
-196
-22
-162
-194
-72
-134
34
-26
-184
-206
-282
-160
-62
-94
-162
-38
32
112
-94
-24
40
-160
-28
-128
-194
-140
-176
-84
-126
-208
-72
-70
84
-198
-24
-74
-210
-132
-90
-114
-66
76
-66
-74
-170
-52
-254
-180
-106
-138
-178
-230
-134
-74
-2
-64
-140
-108
42
-196
148
-136
-78
-202
-278
-120
-140
8
-168
-124
-256
-178
-186
-222
-166
108
-8
-130
-264
-226
-166
-148
-188
-114
-50
-12
106
-282
-84
-224
26
136
-242
86
-142
-40
-26
124
-6
-186
-162
-38
-198
-194
-92
-86
-144
156
118
-232
-94
-218
-128
-74
-178
-230
-50
-126
-200
142
-196
-110
-16
-58
-214
-220
-284
-296
-254
116
-150
-142
-122
-164
-72
10
-214
-122
-50
-70
28
220
-136
-52
-224
-128
-158
-134
-204
8
-88
-46
80
-172
-122
22
-214
72
-262
-30
-138
-164
-132
-100
-214
-110
-58
-242
6
-24
-122
-60
74
-164
-78
-266
-244
-134
-102
0
-98
-156
-68
-200
-178
-254
34
-190
-58
-204
82
-234
-130
-176
42
-76
-198
76
174
52
-60
-186
-110
-94
-108
-154
24
-46
-2
-132
-28
-204
-20
-68
-24
98
-258
-152
288
62
-42
-98
-116
-160
-166
-120
-210
-58
-170
-128
52
20
-172
-300
-76
-68
-56
-22
68
-36
-148
-100
-156
-230
-186
-148
-230
-72
-108
-194
-192
-120
-276
-110
12
-220
-98
-176
-130
58
-88
-108
-26
-198
34
-150
-246
-172
-28
-124
-16
-244
138
-88
108
18
-128
168
38
42
-114
-190
-152
-92
-112
-200
10
-118
-210
-30
-100
66
-116
-118
0
-278
-106
50
-90
-154
-206
-108
218
-200
-242
-70
-146
-14
-176
-52
-130
-140
-34
-150
-102
-136
-198
-226
-234
-246
-82
46
-198
4
48
192
-124
110
-206
-222
160
-14
-14
62
-220
-164
-38
-206
-42
-276
30
-216
-66
-42
-100
-110
2
-256
6
-256
-132
10
-190
-176
-54
-60
-226
-26
-118
-180
-144
-216
-164
-140
-24
-242
-238
36
-178
-112
66
-38
72
-214
-58
-130
-20
-62
-146
-186
-12
-30
-276
-238
-126
-44
-264
-90
-146
-154
70
-216
42
-58
-140
-178
-284
-176
-140
-76
-20
-256
-50
-172
-216
-266
-60
-108
-16
-70
-130
-38
-38
-272
16
-114
-256
-116
16
-108
-236
-120
-112
-182
-140
-218
-92
-160
-300
152
-172
-284
70
-242
8
-162
-68
-260
22
-40
-198
-142
-232
120
-90
-176
58
-142
298
-52
-2
-104
-132
-170
92
-140
-158
140
-152
-204
-188
-104
-242
-120
-116
-182
-70
-176
-194
-190
-40
-228
-266
-166
-96
164
-114
-30
-82
40
-188
-136
-292
-52
-32
-116
-146
-144
0
-256
-50
-194
-176
-270
-188
-110
-170
-126
-38
-152
-190
-102
-40
-180
-246
-10
-52
-178
-236
-114
26
-56
-194
-90
294
-58
-130
-240
-118
-34
46
-234
-164
-86
-28
-118
-112
-76
-114
-134
-82
-162
-180
18
-268
132
-228
-258
-130
-42
-26
-30
-236
74
-272
-124
-152
-114
-40
-212
-224
-162
-212
154
-6
-108
-80
-236
-138
-20
-128
-62
-152
-248
-254
-182
-54
-210
-24
34
-236
-106
-198
-172
-86
-200
-100
-210
-72
-170
-186
-252
-132
-10
-208
-154
-294
-174
-230
-44
-212
-118
-246
-52
-58
-210
-106
-48
-162
-188
-2
-196
-192
-58
-234
-164
-96
-116
-200
-176
-144
-2
-18
-212
-206
72
-22
-64
-202
-116
-54
-84
-98
-268
-290
-30
-252
-164
-154
54
-146
-52
-64
-174
-266
-226
-96
-64
-174
-134
-20
-122
-94
-82
-164
-240
-242
-66
-220
-192
-168
-296
-86
-28
-64
-142
-184
-128
-218
224
-198
-234
-74
-158
-84
88
-56
-208
-34
-146
-68
-2
-72
-266
42
-146
-102
90
-184
-100
-170
-2
-62
-148
-208
-104
-116
-188
40
-246
-98
70
-258
-2
-74
-40
-44
-162
-252
-66
-280
-146
-180
-162
-208
-88
-140
-86
-226
-204
-124
-42
-50
-106
-94
-80
-160
-122
-16
-112
-212
-64
-128
-140
-122
-60
-288
-226
-240
-74
-62
98
-212
-168
82
-130
-184
-300
-24
-132
-36
-76
-96
-68
-156
-66
-176
-6
-220
-116
-202
-264
70
-36
-172
-94
-78
-240
-300
-210
-166
-178
-130
-170
-60
-146
-108
-160
-166
-72
76
-110
-82
114
-16
-96
-122
-56
-280
-120
-132
150
-264
14
-96
-114
-138
-244
-204
-100
-118
-180
-94
-50
-196
12
-184
-188
-142
-286
-206
-158
-72
-36
-282
-116
-22
-162
-182
-212
-152
-212
-204
-272
-172
-198
-246
-162
-118
-118
-242
-294
-34
-114
-142
-254
-134
-238
-162
-250
-256
-140
-202
-102
-230
-40
34
-172
-146
-184
-112
-102
-252
212
-8
-52
-214
-34
-82
-138
-270
-266
8
-218
-158
-158
-96
-280
-250
-150
-170
-298
116
22
-248
-220
-214
-32
-42
-198
98
298
-68
-242
-54
-56
-130
-18
-224
-220
-194
-6
24
-198
-26
-44
-282
-200
-70
-272
-214
58
-262
-280
-214
-184
-150
54
-278
-226
-234
-200
-102
-210
-66
-190
152
-92
-210
-50
-18
-230
36
-246
4
-108
-144
-136
-292
-114
-178
-146
-162
-2
-20
-12
4
94
-38
-130
-136
-216
-170
-282
26
-120
114
-144
-224
-116
-24
100
-114
-80
-128
-124
-184
-270
-218
110
28
-94
-162
-126
-146
116
-150
-52
-74
-162
-116
-44
-168
-298
18
-288
-130
-150
-164
-220
50
-134
-284
-90
-150
-118
-298
-192
-178
160
-154
-210
64
-80
-256
-122
-276
-232
-262
138
-174
-248
-14
-44
-112
-138
-114
-46
-24
-90
-98
-82
-6
-144
-146
298
-170
142
-44
-278
-202
-50
-112
-206
-170
-172
-252
-240
-148
-146
-40
-236
104
-198
-70
-244
-242
-10
62
-76
-226
60
-78
-122
-28
-228
-152
-246
-10
-72
18
-184
-24
-124
-128
-108
-98
98
-136
-26
-254
-128
20
-158
190
-182
-118
98
-174
8
-200
-178
34
-56
-52
-40
-6
-42
-166
54
-64
-68
106
-260
-62
-60
34
-88
4
-214
-38
36
-22
-280
-168
-128
-270
-248
186
-62
-206
174
-154
108
-198
-270
-134
-20
-108
-136
-106
-228
-50
-172
-298
-58
-254
-38
-180
-148
58
-168
-130
-114
-156
-154
-156
-196
-168
-130
-168
82
-38
-120
-16
-202
-186
-180
-10
-76
-50
-248
92
70
-98
-244
-122
-142
46
-268
-242
-164
-244
-54
-268
150
6
112
-120
-134
-232
-104
-102
-160
-54
-24
0
-94
-204
152
-222
148
-188
-76
-212
54
-22
-214
-70
8
-116
-280
-32
-42
22
-204
-176
-196
-176
-68
-282
174
-8
28
-128
-148
-170
-144
-200
64
-242
-146
-98
22
-242
-52
-216
266
-92
-42
-68
-88
-144
-126
8
4
-76
-150
-128
-148
-50
-68
-20
-28
-234
-80
-90
-60
-52
-4
-240
72
-254
-244
-110
12
-14
-180
-102
18
-172
-12
-172
-176
-260
-156
-282
-250
-228
-126
-250
-92
-174
-190
-92
12
36
206
34
-86
-112
-82
-82
-24
-146
94
-154
-80
-212
-242
-264
-256
-108
-48
-84
-130
158
-152
-130
-88
-14
-148
56
-134
-24
-232
-292
-278
-106
-122
-8
-194
-102
-226
-124
-16
-288
-252
-12
-80
0
76
-24
86
-32
-32
-190
-162
72
-280
-110
-110
88
-110
50
-238
-184
-96
-24
50
-180
-132
-162
-222
-144
-120
-162
30
-126
46
-206
-10
220
-130
2
-260
-196
-108
-76
-54
-112
-144
50
84
-130
-172
18
-58
-192
-130
-60
222
-206
-114
-222
-122
-82
-62
-152
80
-162
-162
-88
-140
-14
-274
-58
-90
-46
-166
-110
-176
-136
-152
-36
-122
-58
-190
-122
-132
16
146
-148
-98
124
-56
-168
-22
-218
-88
-12
80
-112
68
-112
-230
-30
-150
-170
-194
-128
-180
-164
-246
146
-104
-148
-264
-64
-164
38
-176
2
-10
-158
-208
-230
-230
-266
-78
-186
-212
-108
2
-122
-210
94
-98
-270
-172
142
-282
-86
-220
-108
-154
-246
-108
-126
-170
-42
24
-208
-160
-148
-224
-96
88
-102
-194
-92
-122
-80
-94
-22
-180
-44
-168
-4
-146
-200
-42
-186
54
-244
-160
-190
-14
-284
-26
-112
-238
-44
-94
-260
-238
-270
-210
-156
-124
-14
-220
-166
-90
-220
-220
-220
-132
-208
-24
-206
-216
-60
-84
22
-194
82
-228
-162
-166
-246
-156
-254
-146
-238
-6
-108
294
-126
60
268
-20
-52
260
-86
-8
-126
40
-208
-174
-192
-90
-152
-234
-12
-202
8
-172
-78
-120
-128
-80
-120
-28
-6
210
-130
-172
-124
-268
52
-50
-30
-32
-82
-178
72
68
-258
-192
-218
-26
-184
-96
-270
6
-204
-58
-114
-10
-176
-160
-152
-74
-8
-168
-152
24
-162
-22
-128
-76
-250
-98
-206
-114
-58
-230
132
-208
-174
0
-110
-28
-298
4
-136
-268
-256
-172
84
-46
-82
-116
-72
272
-96
10
-116
-110
-200
-170
8
138
-14
-216
-272
-100
112
-208
-122
-74
-92
-72
-172
-66
-138
-230
-16
-34
-182
90
-78
-124
68
-214
-36
-72
-80
-10
-172
-138
66
-78
-156
-222
-208
-110
-136
-176
14
-280
-82
8
-204
-194
-88
82
-226
-230
-78
-222
108
-114
80
-196
-212
-102
208
-192
-232
-212
-40
26
-22
-240
-56
-42
-116
-160
-166
-124
-174
-182
90
-170
-132
-248
-54
-108
18
-88
-190
92
-116
-264
-154
-144
26
24
-52
-190
90
-222
-148
68
-116
-28
-88
-96
-68
-116
-152
-40
-228
-48
-98
16
-142
-150
-170
-96
-168
-130
-136
-158
-16
-260
72
-248
-204
-94
-114
-172
-166
-228
-96
120
-264
-218
-92
-136
-228
-6
-52
-150
-72
-10
-270
116
-234
-118
-94
-124
6
-74
-44
-172
-190
-94
-136
-258
-194
-10
-240
-244
22
110
-94
-272
-124
-188
-16
10
-174
-172
-38
-154
-162
-206
-142
-76
-154
-192
-130
-162
-168
-94
-44
-18
-238
-236
-24
-84
-8
-252
-158
-108
-20
-198
44
-92
-212
-188
-78
-160
-102
-186
-138
-138
28
-194
-62
-166
-248
-164
-112
-242
108
-104
-6
-258
-192
-122
-120
-52
-76
-212
-214
-16
-24
-112
-210
-210
-38
-230
-56
-272
58
-262
-120
-270
-186
-240
-14
-104
-104
-218
-52
-166
-156
12
-234
-152
-292
0
-58
18
-60
-94
-214
46
-120
-288
-214
-74
-128
-18
-270
110
64
46
-192
-24
-178
-238
-100
-274
84
-74
-244
-120
-158
-168
-28
-112
-146
-66
32
-252
-114
-92
-130
-52
2
-36
-174
-162
-220
-24
-50
-164
-80
294
-276
118
-270
-172
-4
70
-8
-134
-72
-112
-46
-68
-106
-120
-136
-48
-76
-104
-106
-114
-54
-92
-256
-210
-214
-204
-54
28
-134
-134
-44
-242
-122
-154
-162
-180
-120
-126
112
290
-46
-204
74
54
-168
-124
-20
-48
-136
-272
-144
-132
-162
-284
-30
-178
-210
-152
-212
-22
-122
32
-278
-222
-32
-170
-172
116
-238
-120
-172
-138
-52
-260
-246
-182
-230
86
-268
-160
-102
-98
-110
102
-270
-120
-196
-46
20
-258
-210
-164
-262
-184
-10
-62
-244
-66
-18
-68
-202
-132
-92
-150
70
-16
28
-212
-4
-164
-270
6
-208
6
6
-40
-112
-222
-106
-18
-88
-56
-54
298
-180
-208
-208
-248
-80
-190
-188
-128
-80
48
-78
-106
-34
-222
-130
-244
-106
-192
20
-80
-48
-162
-84
-30
-62
-184
-18
-170
-152
-56
-210
-180
-216
-144
-14
-254
-240
-104
-252
-174
28
-170
-80
-204
-204
-60
-172
-266
-30
-158
0
-126
-32
38
-44
88
8
-80
-118
-180
172
-54
-240
-44
-78
-174
-92
288
-96
-116
-132
258
-58
-174
-132
-84
-220
-252
-178
-248
-220
-144
-140
-96
28
-82
-264
-114
72
38
-174
82
-82
-64
-190
-152
-36
-64
-122
-136
-6
-66
-280
90
38
-94
-22
-174
-184
-128
-172
-274
-124
-110
-116
-126
-132
-284
-242
-142
-94
-208
-132
-254
-28
-210
-238
-110
-240
188
-100
-24
-2
-132
-152
-152
-98
-148
-100
-30
-222
-156
-226
-124
-72
-138
-262
-134
-136
-122
-284
12
-134
-162
-182
14
-40
-36
-268
-244
-158
-76
-206
-100
-18
-202
-170
-218
-188
42
-144
-246
16
-200
-142
-174
-252
6
-54
-98
-172
-92
-286
-24
-66
42
-94
-140
-116
-240
-96
-232
-40
-32
-138
-70
-86
2
-150
86
-136
-168
-208
-162
-130
-64
-76
-104
-88
-222
-60
-292
-234
-92
-136
-80
-266
-188
-288
38
-210
-52
-146
14
-198
-50
-126
-26
-192
-28
-14
-234
-92
34
-50
-148
70
-86
286
22
-98
-166
-252
-216
-192
26
-108
-160
16
-192
-234
100
98
-198
-238
-160
-206
-10
-28
-290
-202
-126
-224
36
-218
-118
56
34
-98
-10
36
-44
-84
-136
-164
-70
-102
46
-216
6
-258
-208
-250
-154
-114
-14
-252
-278
-266
-92
-228
-186
-190
-168
-172
-166
-78
-4
-64
0
-28
-104
-70
-54
-174
-18
-180
-34
-142
-96
-248
-32
112
-174
-196
2
-208
-88
28
-102
-50
74
-132
-266
-140
-114
-234
-246
-118
-194
60
-80
202
-28
-108
-118
-34
102
-160
-126
-142
-200
-146
-48
-218
-96
-114
-172
-280
-120
-14
-148
-172
-250
-276
-28
-92
-118
-190
-138
-142
-68
-2
-32
-162
-214
-76
-198
-88
-28
54
-98
62
144
-214
-260
-82
16
-120
20
-62
-128
-18
-154
-204
-228
-216
-128
-110
-70
-262
-108
74
-148
-192
-194
-120
-258
-74
-172
-112
-30
142
-134
-112
-52
-132
-104
-180
-240
-172
-222
2
-128
-12
56
-108
-214
-24
-198
-122
-180
-30
-240
-254
-182
-196
-98
-62
-136
-68
-204
-84
-124
-262
-170
-150
-60
-182
-52
-126
10
-172
-256
-124
4
-258
-92
-200
-214
-108
-70
-12
-176
-126
-148
-224
-124
-10
-146
-234
-206
-40
-198
-154
-242
-74
-164
-130
-38
-30
94
-146
4
-292
-72
86
-192
-194
-210
-170
-162
-208
-138
44
-132
-192
-218
-276
-130
-144
-100
32
-58
-144
-162
-160
152
-190
34
-62
-208
-224
-60
-34
-90
-244
-152
-152
-176
-80
-26
-106
-132
-140
-66
-112
-144
-218
-24
-26
-160
-130
-124
30
60
-6
-36
-152
-146
-18
-194
-292
-50
-160
-44
-294
-176
-100
-30
-148
-126
-176
44
-256
-112
-146
-270
-146
-50
-48
-156
-116
-152
-198
-202
-120
-170
-102
-72
-138
-160
-232
-78
-190
-12
-116
-98
-130
-144
-218
-250
-244
-114
-220
-186
-118
-164
-154
-26
-190
-244
20
-166
-194
4
34
-102
-30
-158
-164
-120
-182
-276
-192
-132
46
-256
58
-190
-280
-166
-142
-56
148
-42
66
-142
-146
-180
118
-92
-222
-82
-74
6
-178
-136
-184
-120
-166
-242
-158
164
282
-40
-24
48
-100
126
-2
-146
12
-262
-24
-238
-148
-244
-224
-100
76
-140
-114
2
-230
-162
-200
-204
-66
88
-120
-118
-156
-242
86
-166
12
-12
-154
-182
-216
-220
-152
186
-202
-180
-44
-186
-112
-126
-68
-236
50
-16
-34
-150
-148
264
-28
-196
-22
56
-180
-112
-186
-160
-16
-148
-272
-158
52
-186
-168
-178
-210
12
-50
-226
-206
-160
28
-14
22
-122
-278
26
0
22
76
-30
-228
-194
-106
182
-116
-96
-16
-216
218
-66
-240
-126
90
-98
-32
-254
-136
-244
-50
-164
-72
140
12
-224
12
188
-130
-246
-172
-244
-288
-234
-114
-40
-250
-98
-260
-158
-134
-84
-48
-88
-180
-246
-152
-180
-26
-166
78
-78
-216
-126
-216
-108
-148
-106
-148
-202
-142
-266
-92
-82
-168
-172
-232
-160
-72
90
-4
-174
-104
-162
-70
-114
-212
-284
-208
-12
62
-160
-262
148
-100
-32
-250
-86
-128
-138
-18
-16
-84
-150
-214
-62
-172
-188
-122
-208
-146
-48
-194
74
-180
8
-248
-22
-136
-268
-234
-78
-84
-108
-106
-138
-200
-170
88
-132
-216
8
-208
-62
10
-80
-46
-290
-24
-244
-98
-16
-108
-184
-232
-54
-196
-48
-84
-66
-112
-112
-16
-230
-84
-226
-54
-82
-114
-216
140
-154
-228
-268
-252
-172
-44
-232
-78
-78
-18
-56
-216
-60
-66
-110
-224
-170
-168
36
-136
-136
-152
-70
-232
-22
32
-34
-54
-200
102
-2
-94
2
-130
-176
-178
-220
-174
-240
-224
-218
-142
88
10
44
-286
-110
88
-124
-172
-158
-140
14
-202
-136
-78
-176
-216
-98
-114
0
-84
-40
190
-90
-120
-176
-216
-146
-154
-120
-152
-20
-200
-140
-144
-94
-64
-160
34
-20
58
-282
-164
132
-40
-74
36
-150
156
104
42
106
-106
-166
8
-80
-192
-226
-52
-132
-116
-182
12
-40
-236
-206
-250
-62
-226
-12
-192
-78
-280
-210
-182
-126
-240
-52
-80
-94
-218
-124
-98
-80
-136
-166
-68
-192
-148
194
-96
-68
-8
-200
-140
-76
6
40
-58
-140
-130
-152
-72
112
-174
-126
6
-20
-176
-68
-18
0
-242
-144
-272
-144
30
-86
-136
-100
-4
-168
-266
-78
-4
-42
-254
-154
-218
-178
74
-10
-92
-56
-38
6
-142
-114
-72
-200
-138
-204
-98
-110
46
-164
-114
-44
-214
28
-60
214
-98
-176
-216
-34
-144
-136
-194
-100
-184
-108
-262
146
-118
-4
88
110
-202
-120
52
-158
-124
-154
-186
-94
-244
-220
-116
-84
-176
-150
-100
-14
-150
-208
34
88
-164
-220
-178
-186
-12
-236
-50
-80
-70
-146
-8
-264
118
-204
-130
-212
-94
-192
-42
-198
-122
-96
-4
-150
-162
-96
-56
-224
-136
-54
94
-238
-14
-238
-238
-110
-54
-128
-106
-94
166
48
-252
-44
-186
-222
-168
108
74
-174
-120
-158
-134
-38
22
-30
-200
-22
-120
-204
-44
-152
-46
-102
-240
-30
94
-172
-270
-246
-130
-108
-142
-108
-216
-170
-82
-114
-280
-40
-166
-286
-266
-140
-164
-252
-38
80
-2
-164
-94
-222
-68
-130
-52
-62
-128
-96
-204
16
44
-262
-278
-148
-54
-184
-250
-154
-116
74
-182
64
-212
-24
290
-200
-214
-70
-198
-164
-100
-154
90
-180
-164
-282
-280
-80
-230
-18
-46
-244
-30
-206
-50
-234
-244
110
-172
-268
-262
-226
-178
-222
-160
-138
-242
-278
-220
-144
-58
-150
-110
0
50
-8
6
-40
-96
-254
-118
-174
-110
0
84
-54
-94
-134
-188
64
-208
-220
32
-108
-88
-268
-148
84
-228
-258
-214
-250
-200
-30
-192
-190
-260
-84
-112
28
-100
-140
-152
-224
-160
-96
-78
-176
-188
-158
10
132
6
-72
-144
58
-190
-144
-270
-186
-44
-98
-84
-236
-170
-26
-118
154
34
-234
-192
28
-158
-188
-94
-222
-98
-152
-70
-40
-90
-174
-108
-68
-244
-130
-156
-108
-96
-164
-102
92
-14
-214
-62
30
-182
-90
-168
106
38
-274
-200
-138
-146
-190
-22
-120
-58
-162
-218
-174
-144
-94
-110
-144
-56
-42
-52
-196
-74
-126
-258
-228
-124
-172
46
-146
-96
-162
-54
-96
-76
-274
-28
-248
-266
-118
-272
-146
-104
-44
-208
52
-52
-198
-212
-60
-216
206
-150
-288
-296
-216
-226
-134
-216
-146
-72
32
-46
-294
-190
-152
-186
-44
-252
-222
196
-114
50
-76
-82
-56
-136
-86
-152
-52
-118
-124
74
-224
192
-176
-46
-184
-214
-246
-136
-150
-10
-164
-164
-266
-220
-156
154
-158
-138
-120
-198
136
224
-4
-264
-202
-78
-154
-156
-214
-124
18
-72
-278
-198
-188
-64
-190
-220
-196
-230
84
-18
134
10
-76
-112
-122
160
58
-244
-150
-222
-288
-34
-226
36
-198
-162
-214
-120
-102
-78
4
-132
-290
-128
-212
-122
-122
-172
-210
-160
-38
-86
-86
-232
44
16
70
-166
-180
-72
-38
-174
-42
-62
-100
-164
16
-104
-8
-98
-68
-298
-252
-36
-110
-140
-14
52
-84
-26
224
-206
-80
-124
-52
-192
-284
-164
-184
186
44
-48
-160
-98
-246
24
-24
24
-62
-14
-170
-112
68
-174
-158
-138
-274
-274
-156
-104
-16
-122
-84
66
-248
-136
-144
78
-30
-192
-150
-6
-216
-18
-162
-242
-76
-150
-86
-112
-4
-288
-158
-68
-134
-46
64
-8
-112
-80
-236
-118
100
-292
-48
-186
128
-226
-154
-82
-28
-268
-248
-94
-224
0
-20
-28
-70
28
-48
218
-162
-144
12
-236
-38
-36
-140
-94
-238
-208
-48
10
-210
-62
-222
-148
94
-50
-52
-132
-118
-178
-28
-184
-198
-62
26
-206
-252
24
-134
-98
-148
-140
-202
-198
-236
-164
-198
-258
-38
-140
-42
-72
-84
-292
-50
-192
-174
-66
76
-202
-214
126
138
-88
-128
-126
-120
-104
-144
-108
-194
48
-220
-118
-130
-150
118
-236
170
-20
-178
-196
-210
-154
-154
-182
-248
-226
-278
-190
10
-224
-142
-170
-156
-134
-140
-218
-212
-184
16
-20
-128
-4
180
20
-136
-170
34
-108
180
-138
-114
-156
10
-188
-26
-176
16
-182
-44
136
70
-160
-236
178
-90
72
-4
-132
-176
-104
50
-228
2
-224
-20
-34
-184
-124
-152
42
-184
244
-196
-140
-102
-128
-142
24
-14
-84
10
-218
-140
290
-78
-44
46
14
-142
-198
-102
-288
-48
-264
-154
86
-34
102
-152
-168
-76
-170
-254
-14
-212
-110
2
-86
-42
-106
-88
70
-98
-264
-216
-142
-74
-188
-212
-142
-70
-156
-136
-6
-70
-44
-90
-254
176
-24
-264
-164
-228
142
-250
-268
184
12
28
-116
-224
-186
-8
-192
-182
-96
-136
-148
-40
-150
-228
-124
276
-108
-114
-136
240
-10
-54
-178
206
-80
-254
-72
-92
-132
50
-104
-270
-76
-140
96
-8
-264
-190
-186
-52
246
-174
-80
-96
-158
-242
20
74
-102
-114
-236
-70
-108
-264
142
-98
-234
-34
30
-54
38
-74
-188
298
-118
-272
-134
40
-144
-186
132
168
-26
-34
-140
74
-272
20
50
56
54
-204
-114
82
-168
-286
-286
-202
-128
-86
-198
-98
-256
102
34
78
-252
-272
-210
-228
-120
-234
290
-90
-238
-148
22
-232
-120
182
28
-74
-260
-82
-52
-74
-280
-258
-30
4
-30
-178
-42
0
4
-222
-176
-218
-86
-164
-102
-96
-104
-200
38
-248
140
-88
-166
-112
-202
-126
-158
-126
-56
-98
-122
-234
-38
-222
-228
40
-218
-258
-208
-156
226
-146
-30
58
-56
-122
-282
-172
-232
-164
-128
-144
-300
-38
-170
-280
110
-98
-132
-42
-202
-20
20
-28
-190
-208
-110
-150
-130
138
-50
-98
-188
-156
-34
16
52
-258
-24
-158
-172
-46
-104
-246
-224
-82
-196
-116
-176
44
-152
-210
78
-88
-234
-256
-48
-128
-122
-166
-244
-106
-202
-84
-136
-28
-198
-68
-118
-134
-170
-112
-120
-122
-200
-16
-116
-208
102
74
-248
-116
-80
-20
-264
8
-260
-166
-132
-16
-246
-142
-204
-174
46
-134
-146
-172
-168
-182
-216
22
-46
12
0
-42
-238
-106
-204
-140
-258
-36
-126
-248
-216
-238
-42
-34
8
106
-172
64
2
86
-24
-244
-238
-116
-124
-228
-222
-54
36
10
-158
18
224
-286
-272
-134
-18
26
-138
40
-158
-110
-118
50
-54
-234
-116
-292
-60
-92
-128
-20
-44
-170
-66
-88
76
-112
-204
-100
-204
-154
-80
-20
-10
-176
-98
-48
-142
-162
-54
-238
-148
-276
-66
-170
14
-218
-128
-244
-204
-4
-152
-14
70
-36
-274
-178
-86
-204
70
-22
-136
-96
-248
-210
62
-132
-224
-166
-148
56
-58
82
30
-190
138
-90
-206
-150
-36
-162
-28
-256
-62
-208
-142
-26
198
-134
-276
-220
-70
94
-70
-148
-114
-284
-68
-166
-200
-32
-80
-58
-42
-156
-180
-50
-96
-238
-148
96
-226
-136
-118
64
-146
-196
34
-78
-186
-96
-116
-32
122
18
-188
-110
-208
-122
230
-260
36
-146
-96
-130
-98
-12
-14
-82
112
154
-114
-150
-102
-78
-234
-256
-160
-56
-294
288
-262
-164
-140
-14
-38
-210
-74
-222
286
-242
-154
94
-166
-182
-122
16
-2
-44
-124
-34
-108
-184
-200
-176
180
-68
-182
-56
-140
4
-262
-174
-226
-38
-202
126
-120
-242
-158
-148
-26
-156
-124
-56
-74
-224
-162
-132
-52
-66
-58
298
-196
-292
84
-118
-162
-200
36
-76
-14
-24
-198
106
-224
-90
-242
-56
-182
-20
12
-4
-30
144
36
-228
-84
26
-198
-248
26
-194
-92
22
-196
-6
-244
-266
-38
-278
-130
-204
-148
-222
-246
-206
-108
-136
-66
-210
-70
-38
-110
-132
-118
-202
236
-232
-36
-144
-128
-176
-176
-138
108
-102
-32
86
-52
132
54
-260
-238
-130
-230
-72
-198
-170
-238
-130
12
-56
-182
-40
-100
-138
74
-280
68
-26
-150
16
-28
-60
80
-288
-130
-188
-140
-22
-60
-208
-182
-202
-140
26
-176
68
-126
-66
-140
-24
-4
-46
-194
-106
162
-178
-166
-34
-94
-128
-100
-30
-164
-94
-136
-44
-220
54
-108
-122
-28
-208
-116
-130
98
-126
-180
-188
-24
-18
-164
-82
110
-204
-178
-52
-176
-124
-246
-156
-160
-68
-110
20
18
-108
-10
-128
-168
-94
-212
-48
-182
-72
18
-84
-40
-38
-238
-288
-26
-86
48
-132
266
-146
-134
-134
-268
-268
-128
-48
-218
-106
-42
-286
-182
-264
-224
-42
-224
-142
-118
-130
-144
-138
-218
-40
-112
-200
-132
-166
-260
-226
-122
44
-284
-162
-134
-150
-192
-214
-170
-246
198
-300
-176
-66
-126
-116
84
-142
-120
-172
-136
-204
-202
-28
-14
28
-110
-118
-128
-178
-72
-52
-166
-170
-222
-80
-200
82
-176
-256
-16
-174
-38
36
-146
12
-212
32
-182
-244
-188
-40
-88
-34
-26
-266
-120
-88
-184
-232
110
-214
-224
-14
-116
-216
-110
-136
-160
56
36
44
-142
-282
16
-136
8
12
280
-202
-224
-118
-156
-48
-272
-250
-82
-190
-84
-148
-94
-178
-86
-244
144
-138
44
-264
-226
-50
-44
-52
-286
-108
-134
-164
-88
-62
-200
-172
-88
-278
96
-38
202
-92
-82
-66
-196
22
6
80
-48
-92
-272
-134
-144
-142
-16
-174
116
-116
-48
-46
-218
-148
-12
-178
-160
298
-150
96
36
-252
-34
-192
-128
6
22
-10
-52
-176
166
-62
-70
-148
-174
-136
-72
-46
-58
-122
-206
-10
-110
64
-122
134
-222
-58
36
-70
-150
-108
-118
-282
-228
-246
-130
-12
-130
-204
-134
-152
202
-170
-10
134
144
-86
-156
-82
-192
-60
-140
-142
-124
-264
-164
-26
-286
-254
-58
-116
-164
-200
-156
32
-96
0
-188
-188
-164
-162
60
300
-230
-160
-254
-142
-190
-68
-130
-106
-192
-86
-146
-106
-30
-100
-186
-22
-32
-52
-64
-74
238
-238
-254
-30
-186
-12
-62
-152
24
-56
-26
30
-144
-138
-138
-234
-120
64
-116
-200
-166
-130
70
-154
-52
-6
-140
-128
-226
-40
-112
-88
-126
0
88
-134
-128
-20
-48
-110
-74
204
-36
62
-54
-12
18
-198
-158
-120
-110
16
-64
18
-136
-218
-162
202
-100
-186
-240
-192
18
-140
-240
-50
-112
88
56
-178
-156
-120
-98
-220
-112
-116
-258
30
-198
6
-74
-178
-12
-14
-208
-268
54
-138
-86
-140
18
-46
-108
-64
-102
-206
-134
-200
-226
-32
-286
-128
-230
-134
-240
-60
-26
-246
-168
-120
76
-190
-28
-282
-182
34
-56
78
-268
-134
-142
-82
-86
74
-224
-82
232
-264
68
-150
-174
-164
-228
-260
-8
-104
-258
-80
-122
-158
-266
-94
-40
-238
-130
-86
-188
-74
-84
-60
2
-96
-122
-128
-190
-86
-40
-176
-146
-130
-156
4
-6
-244
-76
-250
56
-134
-178
-238
-116
-106
-84
-94
-100
-128
-212
-132
-198
-186
-82
-86
212
-154
-218
-62
8
-104
-194
-242
-268
-92
142
-20
164
72
-162
-82
-64
120
-84
-152
18
-112
-12
90
-222
-212
32
150
-152
-98
-42
-212
-226
-260
50
-210
-108
-244
-222
-218
-138
-70
-18
-262
94
82
-112
-226
272
-288
-30
-172
-100
-168
-206
12
8
76
276
-290
-90
-214
134
-32
-190
-44
-166
-122
-124
-200
-166
-22
-212
-236
114
-244
-220
40
-198
96
-196
-64
-220
-42
-62
62
234
-150
-166
70
-188
-78
8
114
-226
-232
-220
-212
-84
-110
-2
-98
-90
-224
-230
-134
192
-28
80
-88
-96
-250
-18
-144
-134
-142
-94
-250
-210
-94
230
-210
-204
-230
-168
72
-256
-110
-52
-170
-88
26
8
-166
62
-154
54
-218
-106
-190
-180
40
-2
110
-174
-262
-164
-170
-174
10
-164
-70
-52
-114
-134
-158
-278
162
-224
206
-208
-6
-132
-254
-56
-118
4
-22
-202
-184
46
-142
-156
-184
-250
-220
-140
-70
-254
-92
-158
296
118
-54
-96
-192
-168
158
-122
-128
-230
-236
-100
-78
0
-62
6
-74
-18
-164
-192
-152
-264
-222
-110
-182
-92
-60
-202
-220
22
-136
16
112
-252
82
-136
-98
-208
122
46
-296
-72
-138
-176
-158
-278
0
-138
-198
-136
-180
-188
138
-164
-176
-240
-216
-152
-60
-30
-130
-182
-208
-110
138
-90
-102
6
-44
-136
-46
204
-116
-10
-246
-88
-166
-84
-74
-236
-278
52
-222
-216
-222
-70
-226
-130
-28
92
-60
-116
-178
-82
-18
-250
-136
188
-148
-172
-202
-206
-162
-206
188
-238
-126
172
-124
-252
10
-78
64
-162
-114
-192
-64
-68
-198
-158
-74
32
-90
-86
-224
-130
98
-178
-150
-192
-220
-254
-254
18
-244
-30
-220
78
4
-64
-76
14
52
-174
-86
-242
-148
-22
-230
-166
-90
-120
-76
6
-124
-16
2
-142
244
-76
-96
14
-54
-230
194
-140
28
-52
-236
-148
-32
-222
-290
-144
-146
-106
-166
-124
172
-184
-240
38
-252
-16
60
-46
-110
-146
-54
-282
24
-122
-146
-54
-148
-110
-256
-144
-250
94
-256
-218
28
-154
-178
-30
-116
-242
-76
294
-220
84
-134
-256
-290
-232
190
-80
-188
38
-46
-110
-98
-116
-174
8
-212
-246
-240
-24
-98
-100
-104
-292
-214
-36
32
-220
-168
-200
-64
-42
30
-190
-180
-96
292
-20
-134
-220
-108
-22
-68
-174
-74
-130
-6
-168
-166
46
-96
-270
2
-150
-272
12
-190
-104
-184
-210
-6
-90
-184
-250
-82
-190
58
-28
-236
-78
-204
-136
-46
-226
-158
-260
-188
-68
-260
-240
-116
-132
-244
-90
-270
-84
134
-104
62
8
-292
-136
-242
-72
-176
-122
-142
-6
-184
-300
-68
-234
-144
-270
-198
-48
-172
-144
-46
-182
-14
-112
-38
-284
-58
-38
-16
-10
-244
-16
140
-238
22
-202
-240
-238
-122
-170
124
-78
-136
-28
-140
-246
-14
-36
138
-4
-254
-120
-106
-178
-58
-224
-64
-62
-76
96
-276
-18
-300
-138
-76
-154
26
-118
-210
-192
-12
-6
-140
-172
-152
2
42
-128
-50
-112
-76
-8
-56
180
-194
-170
-220
-58
-92
216
84
-120
-220
-172
-200
-36
-122
112
-78
-34
-148
66
54
-238
54
-202
-156
-72
-164
-234
-158
-156
-80
-70
-184
-262
-156
-128
-184
-208
-188
-44
-180
-144
-118
-216
-24
-34
194
-68
-196
2
-140
-194
28
-156
24
-80
-92
-246
-278
-236
230
-242
-190
-230
-102
-150
12
-300
-146
-256
-42
-250
34
36
-244
-80
26
-92
-128
-36
-232
4
-122
248
-126
-118
-156
-248
20
-24
-300
-146
96
-254
-104
-68
-174
-92
-190
62
-218
-198
54
-92
-216
-150
-194
14
-130
-142
-78
-74
-156
54
-282
-124
70
-194
180
-182
212
-74
-100
-194
-150
-36
-62
-74
-170
-224
-286
22
-100
-136
-270
-46
-24
-240
-132
-238
-192
-226
-124
-120
-188
-70
-146
0
-218
-70
-160
-82
-32
-116
-142
46
-202
-174
-254
-160
-256
-112
-136
30
-158
-180
-36
-18
18
-112
-284
-210
-230
-8
-78
-210
-276
-232
-54
-208
-150
-20
-184
-146
-38
-74
-62
-184
-42
-156
40
68
-190
-48
-196
-122
-86
-112
-220
-104
-16
-122
-56
34
10
-200
-226
-200
-134
18
16
-18
-48
-238
-80
-298
234
-44
-96
-206
-164
-228
-216
2
-50
84
-98
-84
-18
-52
-50
-84
70
170
-226
-252
-132
-112
-252
-148
4
-234
-100
-218
104
-234
-160
-78
-114
284
-20
-254
-106
-188
-106
-48
-232
-50
122
-224
-174
-124
212
-124
-22
-146
-198
-226
-274
-192
-114
-206
-220
-180
-232
-120
92
-228
-192
-126
-56
-186
-44
-16
-76
-160
130
44
-10
34
-238
-160
-38
-64
-50
80
-132
-278
-18
-158
-48
-178
-204
-88
-118
-6
-156
-208
74
130
-72
-196
-106
-238
38
-166
284
-182
-168
-120
-10
-148
200
-132
-44
-156
-174
-148
-84
-248
50
-140
-220
-136
-198
-94
-246
-188
-208
-42
-156
-128
-218
-128
-194
86
-106
-36
-260
-60
-92
-146
68
-198
-18
-62
-202
-186
-36
-84
-246
-70
18
120
102
-198
-228
-118
-150
154
-222
-264
-220
70
-252
-150
-148
-194
16
-172
-182
-184
-224
-200
76
-80
-104
-66
-60
-198
-118
78
32
-44
8
90
-70
-206
-20
-188
-178
264
48
200
-110
24
-234
-232
90
-28
-110
-30
-184
-222
-246
-42
50
-160
-36
-164
-178
-142
-30
0
-150
-78
174
-208
-80
-64
-92
54
72
104
-146
-166
30
-132
-242
-112
-90
-38
-124
-116
-278
-48
-258
-184
-106
-84
-264
-202
-52
4
-28
-220
-94
-234
-80
-244
-120
-204
76
-132
-126
-18
-230
96
-298
-94
116
-58
-70
-190
-48
-188
-110
-154
16
-210
-252
-242
-236
-212
2
-280
108
-190
-232
-244
-182
-46
-246
-104
-84
-134
-170
-206
-252
-284
-214
-4
-180
-46
-218
-180
-246
-144
-142
-168
64
-38
-156
-90
-202
-98
-194
-228
8
18
-76
-90
-248
-292
-234
16
-2
-68
-22
-56
-272
-36
-164
78
-102
-116
-56
96
-16
-206
-226
82
-208
-70
-24
-138
-30
36
-102
-128
114
-190
62
-240
-200
-104
-108
2
-160
-136
-38
-52
-102
-126
-160
-28
-234
-60
-150
-258
-6
-226
-194
-66
-84
-264
54
-288
-112
-98
-274
-84
-170
-134
-168
-138
-136
-154
194
-6
-86
-146
-170
104
-250
-180
88
-134
-26
-126
-202
-136
-164
-22
118
-156
-280
-114
-252
-152
32
272
-96
-108
22
-128
-188
-76
-68
-198
-198
-14
-22
-20
-108
62
-108
-190
-172
-18
240
-116
-158
60
-26
24
-174
-258
46
132
-44
-194
-160
-238
-132
58
300
124
-92
-118
-224
-202
-88
-124
-142
-192
-44
-120
2
-98
-176
-204
-94
8
-34
-102
-274
-152
-162
-52
70
-94
74
-220
-268
180
-138
-98
74
-106
-234
-258
-116
-168
-92
-122
-92
-184
-22
6
-12
-30
-2
-194
32
-80
-138
-166
-72
-178
-48
170
-124
-152
-146
106
-36
-182
-196
-84
150
-192
12
-262
-168
30
-150
262
-58
-54
-100
-156
-214
-86
-130
2
40
-216
-36
-40
40
88
-72
-298
-50
128
-186
-76
-194
-44
-212
-134
-100
-148
-218
18
-108
-8
126
-232
-210
-104
-190
-282
-126
-32
-176
-2
-68
-124
-24
-150
-242
-110
100
98
-128
-102
-64
30
-172
-112
138
-182
-56
10
-126
-166
-242
300
-186
-88
-240
-88
-116
-130
-180
-102
18
-182
-150
-232
-168
-92
-248
-154
-232
218
-206
-230
66
-100
-24
-148
-6
-118
-158
2
-258
76
-132
-56
40
66
-142
80
-156
-52
-202
-18
-172
84
244
-112
-72
-194
-176
-94
-266
-164
-134
26
-176
-56
-58
-204
-164
-96
-280
-270
-48
-132
-200
-158
-170
112
-188
-76
-196
-16
-120
-222
-190
134
-100
-74
-80
-200
-144
-208
-222
-238
-44
-4
64
-174
-260
-208
-196
150
-214
-92
-48
-156
-4
36
88
-120
-184
84
-204
-260
-136
-250
-92
-220
48
-242
-118
-194
-230
-38
-50
-14
54
-100
-182
-90
-64
54
110
-8
-122
-2
-44
-196
-152
-148
-132
-6
-168
-56
-90
-160
-44
-260
-76
-126
-80
-190
80
-152
-34
42
24
-68
-78
70
-90
-124
-216
-130
-214
-212
-34
-156
-136
-194
-138
-172
-216
-142
-144
24
-94
-274
6
-66
-142
-148
-264
-124
-70
-64
-206
-248
-68
-256
-188
-156
40
-32
-260
-72
-204
-150
-144
-150
-248
-88
-256
-188
-164
-46
-30
64
-236
10
-22
-66
-224
-102
-196
-148
-254
-194
-228
-32
-130
-216
26
24
2
20
-154
-46
-90
-108
-122
-10
-210
-66
-142
-118
-56
-100
-122
-210
0
200
-148
-296
-280
-226
-230
-226
-160
-2
-100
60
-126
-186
-102
-128
250
-156
-158
-156
-258
122
-252
-192
-32
-206
-48
276
-126
-150
-150
-216
-186
-142
58
-200
206
-266
-130
-204
-290
-152
-86
-30
-260
-100
-62
-196
-136
-126
-108
-174
150
-188
-48
-52
-20
-124
-150
-218
-156
-186
-132
-124
-196
-138
-228
-138
-192
-66
-104
-56
-156
-84
-170
-118
-108
-188
-146
-182
32
-128
-58
-190
-240
-208
-112
100
-142
-156
-108
-80
-26
106
-28
-130
96
-276
-22
-278
-22
28
-232
128
-182
-138
-10
-34
-286
-216
-178
-218
-150
-230
-238
-190
-170
26
-220
-104
-52
-20
0
-180
-140
-242
-62
104
64
-118
-54
-234
-202
-134
124
-252
72
-210
-78
-32
28
298
-194
300
-146
-94
-182
-272
-146
-116
68
-78
-28
-246
-228
-218
-126
-96
-86
-212
-134
38
-224
-192
-138
-160
-96
-196
-32
-10
-264
-292
-246
-88
-150
-94
-74
-60
100
-88
72
-262
200
-20
36
-234
32
-82
68
-58
-170
-164
-94
-206
14
-126
216
-224
-160
50
-128
106
-52
-138
-174
-78
-258
-142
-208
-208
102
-38
-242
208
-106
-186
-96
-128
-86
-78
-198
-130
-12
-170
-110
-138
-112
-132
20
-120
-214
-144
-84
-224
116
-34
130
82
38
-214
-112
-254
-94
-20
-4
-260
-172
-178
-58
-162
-138
34
-228
-54
-122
-16
0
-154
-38
-246
-218
-160
-250
-130
-52
-66
-104
-146
-200
-64
-48
-280
-240
-22
-188
-52
-216
-70
-192
66
-14
-232
4
-220
-52
-116
-166
-116
52
-270
-188
-150
-190
-180
-248
-248
-104
-198
-50
-38
-18
-178
-180
-164
92
-290
-174
-200
-26
-172
-296
-164
-8
-54
-112
-194
6
-92
20
-92
-34
-170
-236
-234
-280
-112
-182
-86
-238
-70
-96
134
6
-212
-84
60
2
-40
36
-142
-210
-116
-166
-180
-76
-38
-164
-262
6
-92
-158
10
-194
-198
28
186
-26
-156
-90
-84
-208
10
32
-292
-100
-16
-200
-12
-80
22
-172
-154
-116
-94
138
-140
6
-72
-166
128
-228
102
-10
-266
-20
-104
-266
-240
-60
-226
-54
-266
40
-104
160
-178
-100
-68
-60
-216
32
-104
90
-74
-178
-164
280
-224
-234
-214
-240
-204
-218
-136
-42
-270
64
-190
-126
-294
-118
-188
-246
-146
-152
-32
-116
-172
-220
-24
10
-186
-274
-36
-154
-258
108
-104
-112
-96
90
-82
-242
-178
-140
-132
-150
-32
-158
-84
16
-150
22
-264
-210
-98
-180
-174
-190
-238
-54
-236
-94
8
-200
-68
-82
-168
278
-196
154
-168
-154
-130
-28
-72
-280
-66
-96
-232
-100
-50
86
36
-72
-186
-260
-234
52
-264
-26
-280
-230
-26
-234
-206
14
-134
-194
-174
76
-184
-166
106
62
-12
-130
-46
-144
-278
-146
-90
-4
-264
92
-96
-248
40
-136
-60
-82
32
-266
-202
-240
-210
-232
-192
-116
-184
52
-112
-76
-266
-112
-132
70
32
-86
-46
-196
-72
-142
-180
-180
-34
-52
-150
-174
-190
-150
176
26
-238
-142
96
-202
30
-22
-124
-182
-208
72
-168
-32
0
-182
-168
-220
-182
-202
6
-238
-138
-164
-244
-242
-32
-130
-108
-16
-128
10
-222
-252
36
-102
0
-264
-28
-6
-20
-246
-208
-232
-196
-8
-190
-218
-64
-176
-64
-50
-178
-84
-72
-136
248
-208
112
-232
44
-242
-200
-186
-214
-210
-168
152
66
-146
-154
-196
-158
-116
-180
-172
10
-40
-208
146
-106
-212
-118
-220
60
-146
-266
-154
-170
-88
-18
-158
-266
-158
-86
262
-140
-170
106
-230
-66
30
-132
-44
-64
-146
-250
4
-126
-150
-122
-114
-194
-6
-4
-172
-226
-288
-104
-150
-110
-24
-118
-134
-152
104
-12
-150
-32
-88
-126
-182
-258
-150
-262
-160
-28
-62
-164
-210
-32
-168
-224
-128
-224
-138
-54
38
-124
38
-152
-106
-80
-126
-206
-248
-274
-240
-110
-164
-272
-128
58
-212
-276
-26
8
-132
-136
-22
-130
-48
-140
-188
36
-298
-52
-210
-26
4
-66
-238
-10
-30
-146
-78
80
66
-200
-154
-212
-258
148
-124
-108
-196
-46
-70
-44
-126
-188
-122
72
-78
-44
-116
-210
-184
-116
-94
-208
-200
24
-144
-256
-162
-228
20
-142
-8
-284
-98
-186
-6
-144
-88
-220
-224
-232
-72
-66
-36
-172
-34
156
52
-124
-208
-94
-88
-196
-192
-262
-178
-92
-166
-62
-214
-184
206
16
72
-64
-210
-82
-272
-208
-220
-60
-18
-264
-256
-142
-206
6
-204
-152
-262
-196
-54
-192
-28
-180
-188
16
-130
-12
-16
-96
-98
-182
-134
-112
-286
-58
192
-170
-244
-110
-12
-134
-188
-54
-134
-208
-116
-154
-68
-104
12
-10
-226
-196
-196
-104
-126
-220
-210
-88
-242
104
-124
-130
-226
-230
-150
-146
-124
-196
-166
52
-230
12
-104
114
-148
-252
-212
-44
-162
-236
-156
-166
-94
38
-62
-64
-172
-150
-196
-104
-18
-52
-86
-58
-152
-250
-200
-146
34
174
-86
-136
-178
-100
-92
-196
0
-220
-236
-168
-270
-208
-150
-62
-272
-56
32
-168
-2
10
104
-254
-40
76
-94
160
-116
-112
-64
24
-216
-160
-122
-130
-86
-130
-128
-172
-102
-160
-12
-142
-198
-92
-106
-122
-44
-130
88
-34
-284
-128
-246
-124
-150
-178
-44
116
-292
-102
-220
-30
-104
-122
-140
-270
-56
-236
-156
-228
-254
-244
-114
-154
-296
-32
60
-48
244
-20
-68
-240
-50
-214
-184
70
-194
-94
2
82
-62
-162
-154
-196
72
-194
-74
-204
-50
-22
-166
86
-122
-220
300
-44
-58
-168
-236
-68
-70
-254
-128
-72
34
-98
32
-74
-136
-16
2
-156
-216
-160
-58
-126
-164
-72
-40
-210
-12
-210
-14
-300
-168
-122
-184
-156
196
-174
-246
-70
-16
220
-238
106
-44
-212
206
-20
-192
-210
-182
-162
-32
-274
-212
-76
-184
-106
-270
-72
-204
-138
-20
-64
-220
-54
-40
-134
-260
52
-166
-208
-66
-98
-2
-176
-60
-152
-262
-102
-232
8
-154
-214
-252
-182
-30
-56
-36
-210
-30
-282
-118
-192
-122
-118
-226
-240
-126
10
-42
-102
-242
-168
28
-124
-54
-140
-42
-194
-154
-88
294
-100
-278
-16
10
-210
6
-60
-120
-214
-224
-52
-134
-208
-116
-8
-212
-188
-174
-274
-276
42
-30
-22
-158
-184
28
292
-110
-118
-20
-134
84
-164
-118
-106
-10
-80
70
-140
-162
-228
-244
-198
4
-124
164
-78
-108
-184
-200
-94
72
-182
-68
-80
108
-118
-10
-18
-70
-186
-200
-90
56
-218
-10
-68
-96
152
-166
-170
-174
-172
-48
162
-282
-112
38
-248
-292
-130
-54
-188
-76
-214
-214
-112
-186
-134
186
-148
-204
-114
-278
-294
-76
-166
-210
-218
-142
-226
-22
-20
-80
-102
-48
-36
-180
-272
-164
-14
-112
-60
36
-222
8
-140
-104
-56
-118
-250
-34
-212
22
-204
-100
-238
4
-78
-290
90
-272
-220
-136
-264
-148
44
-84
-202
-92
-180
-122
-294
48
-114
-214
-128
-238
40
78
-142
-290
86
166
-38
-50
-54
50
-128
36
-14
-90
-56
-100
-80
-186
-214
-78
-174
-148
-84
-112
-254
-232
-30
-192
-188
-108
94
-136
-132
-24
-118
-212
-134
-144
-204
-116
-222
26
20
-132
-68
-204
-132
80
-148
-24
-20
-58
-170
-232
-250
98
-160
-104
-294
-32
-104
40
-252
-64
-216
54
-170
-98
-132
-218
-16
114
-148
-200
-216
210
-110
-66
2
-140
-298
-298
-198
-160
-22
-80
-120
-256
-8
32
-236
-136
-142
-40
-176
-68
106
-138
254
-202
-190
-202
-176
-60
10
-292
-98
-64
120
-86
-24
74
-138
-64
-44
-208
-112
-220
-132
8
-102
6
-22
-22
-180
-206
-238
-112
38
-124
-196
-140
-208
-66
-144
-258
-64
-84
-52
-252
-114
-220
-2
-42
-56
-158
-106
-190
214
48
-8
-74
-110
-194
50
-58
-226
-250
-56
-40
-72
-174
70
-24
-242
-82
-60
-62
-58
-256
74
-104
-86
-128
-102
-138
-94
-46
-20
-86
110
-268
-256
-176
-44
-166
-108
-182
-200
-80
-230
-180
-54
-162
-92
72
-164
-258
-234
-136
-140
-258
-138
12
188
-232
12
-250
142
-116
-146
84
-178
14
-204
14
-44
-196
-160
50
-106
-14
-172
-146
-276
-144
-228
-22
-124
-102
-14
-42
-222
-64
-224
-82
-244
-140
-190
-54
-38
-218
-278
-244
-98
68
-182
-158
-184
-204
-120
64
-120
-144
58
-234
-162
-156
-182
-254
-104
-106
-164
-70
6
-196
-152
-184
-174
-102
-10
-198
-18
-140
-244
-126
-66
16
0
-186
-178
-186
-148
-192
-70
-236
-148
-22
-14
-252
-126
-80
-212
48
-84
-8
94
-246
0
-286
-52
-28
-156
-134
-84
250
50
-232
-164
-198
34
-146
146
-252
-194
260
44
-188
-14
-190
-28
-124
-140
-192
-68
-250
-164
-174
-180
-34
-28
-172
-270
-68
-282
20
16
44
152
-54
-234
-184
-262
-216
-212
-146
-78
-136
-174
-20
58
266
-70
154
-94
-126
-12
-244
-264
-194
-122
-20
-202
-262
22
-262
-46
34
-278
-160
-128
30
-158
-120
-162
-4
-32
-174
-122
112
-142
-102
-62
-36
-38
-24
-268
-84
-112
-72
-128
48
-224
-232
20
290
-74
166
-100
14
42
-82
-66
-56
-82
-282
18
-164
-60
-76
-290
-158
-176
-198
-100
-172
-274
-158
-120
-38
-206
-286
-128
-114
-102
-206
-16
-54
114
-54
-154
32
-176
-90
-138
-138
-212
-56
-210
142
-214
-206
-218
-196
-50
-218
-170
118
112
-180
-178
-174
-162
-214
-258
-148
-112
-206
-214
-188
130
-236
-2
-258
-250
126
-134
-86
-8
-182
-190
-140
90
22
-48
-178
174
-48
-172
-152
-26
-20
136
-122
-152
-236
-152
-40
-252
-60
-114
-198
-52
-34
40
-76
260
-42
-196
-186
-212
-246
-192
-16
-110
-182
-54
52
-260
138
-46
-282
-142
-218
-114
-94
-174
-138
-206
-154
-240
-158
58
-268
-48
162
-58
150
-52
-194
-98
-140
-24
-186
-158
-116
-222
176
-80
-42
-256
-160
-238
-84
-132
36
-130
-158
-34
-182
-260
-298
-192
-112
-168
-214
-162
-126
-74
-156
-188
-140
-248
26
-270
-240
-94
30
-224
-62
-76
-212
-130
-90
-134
-170
-110
-54
-180
-130
-300
-106
-64
-92
-164
-98
56
-70
-208
-176
-168
-166
-96
-26
-192
-182
70
-140
-112
-116
-198
-238
-150
102
-230
-226
-180
-64
4
106
40
-204
-74
-270
-268
-188
298
-178
-182
-146
-92
-10
-226
-108
-104
-222
-132
-124
-256
-210
-154
-248
78
-38
-126
-114
-20
-86
-152
-142
48
-174
-194
-28
-38
-248
-204
-80
54
-102
-102
-204
-230
-70
-172
12
-300
28
-286
-30
126
100
-194
-114
-150
70
-20
-162
-196
186
84
18
-200
-228
-246
-50
-140
-174
-188
-78
-148
-56
140
-56
-262
-218
-96
-196
76
-102
-98
-300
-52
-228
-218
-128
-232
-14
-174
14
-260
-164
-230
-20
-114
42
-164
-236
-106
-120
-68
-232
-152
-34
-98
-152
8
-42
-98
52
-76
-166
-152
-180
-64
-136
-60
20
-122
-78
-110
-124
-134
-30
8
62
-128
38
-76
144
-166
-10
-18
-192
-178
-144
-80
-110
-196
150
-218
-210
-74
-136
-158
-100
-98
-170
-162
-42
-228
-126
-134
-60
-166
-240
132
-34
-64
46
-240
-198
28
16
6
-52
-52
-124
-6
-274
86
-166
-104
-72
-132
0
-166
94
-72
-262
-258
-118
-180
-220
-268
-202
300
-22
-142
-112
-158
-236
-206
-110
-146
-100
-74
-262
-250
126
-2
-34
-134
-10
-100
42
-164
-120
-32
228
-84
-86
134
-50
60
-110
88
-226
-192
-90
-114
264
-242
-202
-182
-252
80
-116
-22
-216
60
-50
14
-168
142
-76
-222
-54
-180
-164
-156
-210
-102
72
-126
-112
-100
-16
-124
-178
-196
-128
40
-80
-240
-128
-222
72
130
-44
-162
-156
-48
-50
70
-226
-54
-38
-246
-252
-282
-18
-38
-52
-146
-224
-146
-48
-24
-94
-240
-128
-236
-56
52
-206
-156
-74
-108
-240
-200
-26
-14
-48
-292
-134
120
-94
-238
-222
204
-46
-250
-118
-104
-206
-20
-220
-224
-66
-190
-232
-130
-96
-54
-254
-272
-236
166
-110
-100
-138
-166
176
-238
-186
-90
-242
-144
-80
-280
-246
-78
-174
-208
-244
36
-108
-98
-286
-44
-208
-92
-172
48
-128
-218
38
-150
-162
-102
-184
-160
-24
56
-190
-106
-134
180
-174
-80
28
-290
-236
-172
-210
-266
-128
-128
-152
-106
-240
-136
-114
-118
-172
-96
-74
-30
-92
2
-150
-48
