-162
-126
-42
-116
-150
56
-44
-76
-160
88
-250
-144
-38
160
-44
34
-94
-256
-154
4
20
78
-70
-104
-202
-196
-90
24
86
-254
-274
-164
-60
-238
-126
-266
-196
0
-138
-168
58
-56
-10
-168
-30
-178
-64
-278
-164
-158
-242
140
118
154
-56
-268
-98
-52
-106
-28
12
-110
-186
-222
-250
224
-40
-198
-142
-204
-12
-76
-156
-202
12
-236
-80
-186
-36
-160
-198
-140
32
-290
-178
24
-88
-38
-12
-54
-158
-140
-78
16
-90
64
-86
-194
-276
-262
-76
-4
-36
-236
16
-160
-102
56
56
-220
18
-88
-132
272
-198
-244
56
-264
24
-88
-196
-146
-202
-268
248
-56
-88
4
-184
-142
-244
20
-222
6
-68
-128
-140
-140
-214
30
-54
-300
-18
-62
-98
-110
-116
-190
-142
-164
-94
-238
-24
-222
-4
108
-156
-254
152
-182
-236
-54
-292
-130
-74
-198
-60
128
-230
124
-184
-174
-208
-18
-234
-226
180
116
-150
-178
-210
-186
-14
50
-92
-80
-216
-204
-184
-290
-110
-78
46
-30
-164
132
-36
-110
-230
16
-260
-248
-230
-192
-210
124
-206
-124
210
-24
-156
-288
-86
-18
-120
46
-242
-192
-224
-32
-174
-228
-2
-264
-156
6
-28
16
-252
-176
-82
-216
-134
-42
-198
-82
-262
-102
-124
-228
294
-96
-210
-104
-114
-180
-218
-22
-206
20
-256
-238
-238
134
-266
-246
-178
-192
-262
-168
-72
-50
-128
-208
68
-202
-178
-256
-34
-12
-254
-116
16
-238
-82
226
-76
-116
-116
-62
-102
6
-112
-18
102
-200
-120
-188
-212
14
180
-190
-198
-104
-98
-104
-142
8
-158
-212
-32
-154
-18
-130
-190
-170
-4
-264
-206
-20
-168
-50
-252
-160
-236
-176
-124
-154
112
-82
-134
-254
-98
-138
-210
-162
-128
14
-68
-194
-20
-170
-70
200
-24
-234
48
38
-78
142
-104
-6
-180
-44
-56
-174
-46
-196
-174
46
12
-60
-170
-146
-74
-156
-216
-132
-146
-262
-114
-20
-108
-240
-186
-64
-146
-98
-174
-228
-110
-54
-172
-42
-124
-24
192
-174
-136
-106
-54
-134
-256
-180
52
60
126
-40
-224
-214
-198
-126
-292
-254
-172
106
-196
-206
-54
78
-288
300
-134
-208
-40
-218
-122
-176
-80
-118
-2
-242
-46
-166
-134
-24
-270
-212
-22
-130
-202
-158
140
-98
-116
-176
-168
8
-160
300
-122
40
-160
-58
-18
-110
162
-84
20
-110
-160
-188
-168
-88
-274
-126
-22
-96
-122
-110
-186
-256
-236
104
-196
-248
-32
-184
40
-8
-180
208
-244
-20
-26
-122
-220
-72
-150
-206
224
-42
-184
-146
-166
-88
-224
-160
-210
-36
-30
-130
-262
-114
-218
-138
12
16
-166
-140
-48
-250
-188
-244
-172
18
-24
-238
-8
-12
270
-112
-164
-138
-84
-82
-210
-264
-272
-110
-180
-226
-224
150
-142
-204
-138
-40
-192
-292
-14
-222
-248
-132
-102
-280
22
-238
-38
50
-180
-242
-72
-10
58
-142
-148
-148
54
-110
-198
86
-148
-232
-182
238
-118
-162
74
-122
-150
48
-102
-286
-172
24
-86
-152
-136
-194
-52
-118
-88
-244
56
22
-238
-172
-140
-124
-164
-188
-158
110
-68
-58
42
50
-186
-172
70
-240
-174
-88
-240
62
12
-18
-140
-266
-262
-20
-14
-200
74
58
98
-128
-166
-24
14
-180
30
4
-120
-156
-144
-202
-222
-114
-108
176
-54
-144
-118
54
-62
-150
-76
-102
-92
-160
-78
-14
-32
-12
272
-24
-34
-200
96
-102
-98
-146
-84
-206
-60
116
12
-12
-162
-76
-198
-22
-116
-200
-230
-114
36
-230
-182
-150
-104
-140
-72
14
-240
-164
-12
-114
-4
82
-148
-204
-156
-194
-226
-110
-146
-134
-86
-46
-268
-30
-86
244
-104
-122
10
-100
-126
-218
-60
-50
30
-262
-94
-14
-88
-88
-212
-120
-126
184
-28
-148
-218
38
-146
-234
-98
-4
-132
-266
-138
-64
-134
-162
-114
-56
-246
-8
-38
-240
170
-200
-54
-40
-82
-158
10
-182
-56
40
-180
-26
132
-132
-22
-198
-30
-274
-144
-112
-212
-150
40
-178
-242
-282
58
-82
-62
90
-24
-242
70
-130
-272
-86
-42
-52
-126
-100
-242
-198
-128
-70
-28
-66
-198
-114
-18
108
-246
-36
42
-128
-156
54
36
-170
2
128
-194
-52
-196
-152
36
-174
-48
-86
-10
-38
-130
-30
-134
14
-224
-138
-148
-102
-270
-156
-232
-142
-190
200
-264
-48
-56
-52
36
-64
-220
-134
-164
-202
-174
14
112
20
300
4
114
-28
64
-152
-70
56
-286
-144
-74
-152
-250
-174
-208
-230
-238
-32
-212
-2
-94
-118
-224
-178
-170
226
-260
-128
100
-106
-114
-170
-158
-78
260
-210
-158
-126
-148
-14
26
-168
240
-264
-274
-62
-196
-192
-202
-264
-236
-40
-108
-188
36
-138
-40
-40
-98
-200
-142
170
-250
-136
-70
18
202
74
-104
-80
-272
-182
-178
-254
-104
-54
-32
-160
-162
-118
2
-258
-90
30
112
-42
-86
-212
-74
-228
26
-210
-150
-64
-124
156
-206
-110
-28
-18
-110
-162
-40
-144
-36
116
-170
-178
-124
-144
-96
-118
-124
-102
-226
174
-176
-116
-70
-264
-160
-62
-90
-118
-80
-52
-210
-30
-8
66
-76
-260
-180
156
-182
68
-154
-180
-126
-50
-246
88
20
-132
-88
-118
-118
-108
-98
-106
-214
-290
78
-240
-148
-120
-132
-156
-60
-10
54
-174
-226
-116
120
26
-270
-252
-194
-132
-38
-174
-192
-136
-298
-208
34
-246
-14
-182
-2
-154
-220
22
-26
-154
-168
-164
-176
-76
-266
-248
-142
-94
-114
54
-42
-228
180
-192
-188
-202
124
272
-172
46
-248
-130
-118
-32
-190
154
-154
-164
-104
-70
240
-116
-64
-100
-188
-160
-280
-4
-128
-106
-106
-190
-16
-178
-102
-84
-106
-80
-150
-54
-132
-134
-296
-150
-14
-290
-208
-180
-164
-166
-222
-218
-254
-236
112
22
-190
-100
-46
-238
-250
12
-86
60
-40
-138
-172
-68
-132
-110
-76
18
-146
-84
-206
-250
170
-262
-166
-68
-140
-254
-250
-190
-182
-148
-164
-128
-152
-26
-150
-244
0
158
-146
-176
-108
46
34
-178
-188
-270
-154
-214
-204
-8
-10
-104
-144
-166
36
-66
-58
-10
-170
-160
-104
-190
278
28
198
-78
-222
-196
48
-56
-10
-228
-116
-52
-220
-156
-172
-128
-294
-104
-154
-142
-136
-70
-198
-28
-42
-252
-188
-214
-208
-248
-260
-112
-164
-142
-114
-84
22
-18
-94
-58
-162
-232
-80
-182
-180
-182
-112
-106
-66
-140
22
58
-212
-236
-254
-44
68
-276
-86
-254
-34
-160
60
114
-172
-86
-196
-48
-34
-136
-56
-42
-78
-268
134
-102
-152
-132
-6
36
-100
-240
18
-144
-56
16
-198
-122
-214
-114
-30
-254
4
-60
-28
-126
-70
64
-40
-218
-170
-162
-138
-62
-66
-212
-236
-138
-140
-88
-58
-142
-52
-160
-138
32
-24
-78
-204
-240
-72
-102
-132
-130
-144
56
32
-168
-224
-250
-110
-18
-92
-178
-18
16
66
-118
-50
50
-176
-48
-88
-210
-122
-236
-134
-106
-192
-142
-124
108
-204
-76
-98
-182
-124
60
-176
-28
-18
-146
-42
-158
-110
-240
-162
-72
-178
-108
-214
-182
-44
-28
40
-120
-156
22
-220
76
-52
-158
-222
-282
-100
-24
-52
-4
-8
-262
-136
-184
-88
-204
40
70
-132
-270
-242
-132
-186
-208
-14
-60
36
50
-262
-80
-258
84
22
-202
180
-92
-20
-38
192
-130
-172
-182
-38
-198
-196
-112
-70
-26
130
8
-146
-104
-254
-76
24
-72
-248
-136
-84
-258
118
-196
-196
-16
-80
-196
-210
-276
-296
-228
120
-164
-140
-56
-182
-54
-132
-138
-142
-2
10
-38
258
-124
-74
-260
-190
-228
-104
-236
-86
-118
34
122
-186
-64
0
-228
92
-238
8
-144
-184
-202
-12
-226
-74
-76
-274
-24
-186
-42
-74
60
-178
-4
-182
-288
-114
-162
50
-152
-222
-136
-176
-94
-268
20
-196
-38
-236
12
-272
-162
-158
-98
-204
-136
128
66
82
28
-176
-110
-14
-74
-144
76
-16
-4
-98
-12
-118
-100
-130
-68
104
-252
-146
296
-40
-44
-6
-60
-178
-224
-136
-196
-74
-114
-186
60
60
-190
-298
-112
44
-170
-32
-26
-6
-34
-94
-134
-228
-168
-132
-216
-126
-150
-166
-232
-164
-296
-54
0
-220
-8
-168
-36
-58
-52
-172
-100
-152
-36
-202
-194
-110
-118
-40
-98
-92
156
-54
18
100
-98
156
-38
-22
-68
-208
-224
-124
-68
-132
-70
-60
-222
-42
-30
-10
-196
-180
10
-278
60
126
-38
-164
-214
-88
206
-214
-208
-90
-188
-44
-68
-94
-132
-106
-142
-142
-118
-122
-238
-202
-186
-248
-84
10
-192
10
114
194
-162
134
-186
-246
230
-36
-18
92
-200
-130
118
-246
52
-242
52
-256
-68
-28
-164
-124
-82
-216
-32
-198
-200
54
-216
-192
22
-12
-238
-22
-82
-202
-60
-166
-196
-26
-58
-216
-184
34
-148
-212
110
-2
-80
-208
-2
-214
-90
-52
-136
-260
-8
-20
-278
-240
-56
94
-242
-10
-2
-200
88
-178
-68
-56
-194
-124
-280
-122
-198
-96
-40
-246
-36
-246
-226
-230
-46
-196
10
26
-124
-70
-68
-294
-156
-74
-286
-22
-16
44
-250
-200
-142
-158
-136
-252
-126
-134
-300
186
-148
-290
92
-260
54
-186
-120
-216
-98
-96
-68
-204
-238
88
-170
-158
64
-152
298
-44
0
78
-138
-118
90
-112
-226
98
-190
-146
-170
-56
-262
-118
-98
-170
-180
-184
-142
-184
102
-204
-262
-162
-82
100
-16
-64
-94
-54
-216
-76
-296
-104
34
-124
-132
-136
-96
-266
28
-178
-84
-238
-232
-170
-172
-200
-34
-88
-168
-132
-94
-186
-250
-34
22
-194
-240
-130
96
-42
-174
-60
300
-30
-132
-224
-96
-18
88
-224
-122
-102
-40
-168
-62
-162
-180
-92
-2
-140
-202
-106
-258
132
-116
-206
-218
-92
-76
-94
-240
174
-280
-168
-124
6
-84
-202
-100
-178
-224
202
-20
-82
-92
-186
-104
12
-92
-64
-156
-262
-274
-162
-120
-170
-60
-46
-220
-46
-234
-170
-126
-190
-30
-212
-96
-166
-128
-236
-176
-150
-138
-138
-298
-176
-196
26
-170
-112
-278
-102
-160
-266
-92
-90
-198
-216
10
-242
-190
-112
-182
-136
-42
-16
-190
-184
-102
18
-46
-208
-138
-116
-76
-136
-126
-24
-24
-136
-86
-260
-236
-100
-208
52
-154
8
-124
-72
8
-204
-268
-170
-162
-104
-96
-152
-86
-124
-84
-118
-210
-266
-194
66
-174
-180
-94
-296
-38
2
-92
-12
-108
-88
-178
238
-204
-216
-108
-232
-10
38
-60
-214
-120
-210
-80
-52
-64
-274
-100
-146
-38
86
-178
-182
-182
-24
-100
-146
-186
-200
-230
-184
44
-234
-238
146
-268
20
-98
-92
-72
-68
-226
-46
-282
-24
-72
-208
-240
-68
-148
-58
-258
-222
-226
-52
0
-188
-66
-58
-72
-166
-170
-182
-260
-70
-42
-196
-132
-80
-288
-210
-218
-122
-76
38
-212
-148
-6
-194
-212
-298
42
-124
-8
-78
-40
-122
-150
-38
-186
-180
-200
-196
-198
-230
-22
-16
-132
-128
-196
-244
-300
-20
-200
-48
-130
-138
-94
-182
-90
-126
-258
-222
14
-110
-144
194
-64
42
-174
-62
-292
-182
-58
168
-246
46
-46
-164
-182
-240
-230
-100
-8
-186
-84
-60
-160
10
-168
-108
-144
-286
-258
-164
-48
-90
-268
-172
-140
-82
-166
-250
-104
-160
-168
-278
-212
-196
-242
-194
-180
-186
-210
-268
-42
-104
-134
-252
-144
-218
-174
-262
-228
-136
-220
-40
-268
-62
76
-234
-108
-158
-114
-26
-268
260
-202
26
-264
-146
-60
-102
-284
-214
-38
-236
-178
-184
-122
-232
-230
-166
-222
-300
154
36
-222
-192
-246
-38
-32
-212
64
300
-122
-270
-76
-142
-220
-18
-190
-146
-200
-40
80
-178
-106
-16
-280
-224
-112
-282
-178
146
-224
-272
-192
-74
-14
32
-206
-208
-230
-174
-54
-212
-152
-220
76
-68
-180
-88
18
-152
34
-150
0
-120
-160
-106
-288
-140
-148
-70
-252
46
-22
26
-76
20
12
-166
-100
-222
-138
-258
-8
-146
160
-110
-268
-202
-74
70
-96
-126
-24
-126
-154
-260
-230
150
-24
-98
-166
8
-36
60
-138
-92
-136
-140
-182
-114
-164
-298
54
-292
-100
-148
-34
-170
24
-150
-276
-88
-20
-80
-290
-120
-100
196
-190
-146
-24
-44
-258
-130
-286
-232
-240
112
-178
-190
-28
-30
-138
-116
-190
-142
2
-30
-98
-74
-38
-130
-122
300
-164
156
-48
-238
-224
-104
-170
-200
-110
-200
-168
-170
-158
-220
-2
-252
120
-178
-100
-188
-256
-12
-60
-48
-192
14
-32
-74
-2
-258
-82
-262
-26
-74
-56
-202
16
-80
-174
-86
-92
4
-122
-130
-256
-138
-108
-188
132
-70
-136
114
-110
-60
-248
-148
-66
-12
-80
-60
50
-110
-112
128
-52
66
48
-272
-112
12
-4
-148
-70
-220
-42
52
-36
-232
-62
-38
-254
-212
240
-164
-236
204
-132
86
-186
-252
-210
-36
-116
-120
-172
-274
-16
-152
-294
-58
-220
-110
-160
-170
114
-160
-110
8
-226
-226
-176
-188
-136
-194
-56
20
-54
-146
-68
-170
-114
-264
60
-44
-142
-266
60
46
-64
-266
-104
-80
44
-238
-194
-194
-272
-106
-272
224
6
-60
-72
-126
-218
-100
-164
-160
-180
30
-122
-64
-140
106
-246
142
-214
-68
-232
-18
-16
-248
-144
-48
-112
-258
-16
-56
66
-218
-126
-174
-212
-136
-262
184
76
-84
-88
-104
-232
-200
-216
12
-232
-144
-114
16
-204
-156
-214
258
-182
-162
-80
-110
-202
-172
-38
52
-126
-76
-28
-154
-72
-98
-76
20
-252
-142
-92
14
-64
44
-174
104
-278
-244
-156
14
-70
-74
-104
12
-198
-36
-220
-188
-268
-88
-264
-270
-216
-178
-212
-74
-198
-148
-24
-16
-2
152
-38
-72
-172
-116
-152
-50
-170
-76
-36
-82
-218
-266
-174
-230
-46
-214
-124
-92
158
-142
-76
10
-62
-120
16
-112
34
-164
-286
-284
-194
-176
24
-224
-48
-112
-108
-126
-282
-274
10
-108
38
-32
20
38
12
-70
-156
-156
158
-280
-144
-118
186
-88
64
-238
-58
-134
16
112
-72
-160
-200
-218
-164
-80
-206
56
-168
10
-160
102
198
-4
-94
-286
-228
-174
-88
-142
-190
-94
30
68
-172
-150
-14
-26
-164
-114
-110
160
-178
-196
-192
-158
-102
-70
-186
44
-134
-250
-52
-54
-72
-282
-30
-66
-52
-52
-38
-180
-4
-168
-2
-108
-192
-146
-76
-48
44
200
-128
-166
132
-152
-154
-80
-232
-32
-38
64
-92
62
-192
-240
168
-120
-150
-208
-194
-76
-132
-208
66
-136
-182
-292
-82
-206
130
-244
-34
36
-242
-196
-230
-258
-294
-160
-68
-184
-182
12
-170
-242
12
-156
-236
-226
70
-274
-78
-162
-132
-210
-234
-168
-122
-220
-102
4
-208
-148
-152
-238
-96
86
-150
-244
-14
-102
-76
-138
10
-148
-86
-208
-126
-118
-148
-72
-220
24
-262
-172
-42
-108
-280
-10
-180
-160
-24
-134
-234
-230
-256
-230
-132
-180
52
-242
-180
-46
-158
-164
-112
-34
-196
20
-236
-222
24
-140
64
-224
182
-266
-200
-108
-220
-190
-256
-192
-202
-132
-202
284
-96
92
280
12
-4
286
-4
-130
4
18
-140
-158
-100
-152
-74
-184
62
-228
-14
-248
-140
-152
-148
-76
-252
30
-40
182
-100
-172
-206
-254
98
24
88
2
-134
-190
64
68
-252
-176
-174
-114
-126
-124
-254
-46
-226
-28
22
-90
-170
-138
-156
-24
-28
-56
-90
32
-130
18
-24
-80
-256
-164
-202
-60
-48
-222
184
-144
-226
40
-106
-26
-294
46
-8
-272
-264
-132
126
-120
-24
-120
-22
298
-136
-26
-34
-34
-266
-212
-24
146
18
-252
-292
-48
140
-208
-94
16
-2
-122
-250
-30
-46
-194
44
-94
-164
-10
-82
-120
28
-248
-2
-48
-168
-58
-186
-120
98
-202
-224
-158
-138
-122
-148
-80
46
-268
-44
-42
-248
-202
-88
34
-250
-202
-46
-228
16
-56
112
-192
-230
-124
202
-200
-258
-232
-102
158
-66
-158
-8
58
-152
-134
-202
-214
-128
-142
70
-164
-108
-148
2
-100
-116
-104
-240
102
-166
-204
-164
-78
78
54
-192
-234
140
-248
-204
76
-116
-16
-146
-34
-66
2
-114
-56
-256
-68
-134
-66
-168
-224
-136
-122
-146
-182
-138
-132
-122
-248
18
-248
-218
-116
-92
-232
-96
-268
-94
-146
-254
-164
-152
-150
-226
0
-78
-214
-110
-134
-276
128
-216
-148
-122
-178
0
-102
-70
-110
-150
-102
-158
-240
-182
-70
-244
-250
30
96
-52
-254
-110
-194
-46
66
-146
-60
-102
-168
-132
-152
-212
-68
-92
-192
-152
-150
-110
-70
-16
-84
-150
-182
-82
-40
-78
-266
-210
-76
-48
-232
-58
-168
-204
-148
-36
-188
-52
-112
-140
-84
44
-234
-92
-30
-204
-216
-102
-262
100
-144
-62
-242
-200
-184
-94
-4
-68
-170
-232
-196
-40
-120
-192
-208
-2
-248
-90
-236
26
-220
-208
-260
-144
-192
-2
-104
-154
-216
-42
-114
-180
-12
-230
-138
-286
-58
-64
26
-48
-20
-214
-80
-132
-292
-92
-26
-68
-74
-250
70
-118
114
-202
-20
-110
-218
-6
-246
136
-42
-210
-196
-134
-128
-110
-192
-176
-128
-36
-246
-130
-96
-158
-160
-142
-50
-254
-138
-134
24
14
-146
6
274
-262
156
-280
-240
52
90
14
-152
-28
-114
-160
-100
-50
-92
-170
58
-120
-26
-142
-94
-112
-30
-232
-238
-202
-102
-78
32
-156
-214
-10
-166
-94
-166
-182
-164
-28
-162
-22
268
12
-100
170
68
-214
-118
44
10
-118
-252
-114
-142
-232
-282
-26
-100
-260
-102
-100
-56
-150
102
-204
-156
-90
-126
-168
154
-206
-20
-214
-106
22
-290
-270
-182
-236
110
-244
-176
-152
-182
-128
102
-238
-180
-194
-120
82
-272
-116
-228
-250
-164
44
-78
-272
-104
-86
-124
-202
-144
-150
-180
28
18
-4
-226
-24
-200
-190
78
-222
-34
84
-116
-150
-196
-102
6
-60
90
-122
294
-234
-228
-240
-234
-48
-220
-94
-108
-92
-18
-168
-58
0
-252
-14
-286
-206
-274
-38
-164
-26
-194
-30
-122
-106
-198
134
-240
-172
-70
-240
-168
-226
-144
60
-276
-200
-66
-282
-158
22
-124
-90
-216
-196
-54
-124
-254
-50
-162
-4
-90
-114
16
-64
54
-98
-22
-106
-112
224
-14
-260
-106
-16
-172
-42
280
-198
-60
-22
210
-86
8
-152
30
-266
-250
-208
-258
-140
-238
-160
-126
16
-24
-282
-158
56
-50
-184
-34
0
-78
-198
-118
-50
-20
30
-156
-68
-34
-254
190
-18
-70
-34
-130
-76
-98
-108
-296
-126
-124
-110
-64
-196
-282
-214
-120
-64
-218
-122
-238
-18
-96
-138
-124
-262
172
-86
-64
-32
-28
-138
-194
-94
-180
-108
4
-206
-96
-198
24
-44
-126
-238
-120
-196
-130
-276
2
-122
-206
-114
-6
-44
-22
-270
-248
-78
-136
-222
-148
-50
-210
-176
-216
-140
18
-132
-206
-96
-112
-218
-206
-242
112
-176
16
-146
-96
-278
50
-84
88
-30
-148
-66
-138
-116
-204
-114
-118
-76
-14
-48
-24
-226
166
-172
-198
-202
-208
-210
-126
-60
-26
-126
-198
-12
-296
-240
-26
-110
-10
-264
-174
-276
226
-168
-20
-118
22
-224
86
24
-4
-150
-74
20
-222
-132
-38
-212
-172
60
-74
300
60
-54
-122
-268
-196
-194
44
-162
-24
86
-250
-150
-24
70
-184
-238
-118
-224
-68
-182
-284
-250
-102
-248
-30
-190
-168
34
86
-70
12
58
-84
8
-192
-196
-164
-74
46
-188
54
-248
-230
-268
-156
-166
-154
-258
-268
-272
-60
-268
-112
-180
-102
-194
-116
-164
-76
-86
-12
-10
-54
-58
-124
-138
10
-260
-70
-158
-170
-250
-58
16
-64
-108
80
-252
-182
-2
-2
-118
12
-198
-270
-120
-110
-236
-266
-20
-254
88
-96
194
-58
-70
-126
-90
204
-48
-136
-206
-226
-94
-104
-158
-78
-210
-154
-286
-164
-8
-152
-190
-238
-262
-34
-134
-70
-240
-80
-150
-112
-42
-114
-64
-220
-82
-220
-150
-80
-20
-96
-74
152
-208
-290
-42
-66
-92
-44
-170
-152
-90
-110
-228
-156
-220
-82
-152
-152
-242
-42
-102
-60
-242
-152
-174
-256
0
-180
-170
-114
146
-106
-126
-78
-82
-68
-80
-198
-172
-158
78
-174
-14
-14
-78
-158
-54
-216
-126
-154
-88
-250
-262
-74
-222
-90
-108
-158
-46
-194
-42
-136
-260
-94
-114
-164
-74
-134
-132
-10
-142
-206
16
18
-210
-36
-158
-188
-28
10
-54
-136
-42
-118
-168
-168
-2
-114
-176
-158
-140
-178
-136
-230
-74
-38
-32
-72
14
-22
-172
8
-268
-122
4
-212
-220
-258
-152
-232
-238
-134
34
16
-108
-216
-274
-118
-196
-26
0
0
-130
-188
-118
130
-206
-84
-78
-166
-228
-196
-124
-138
-222
-104
56
-176
-142
-108
-28
-146
-180
-6
-180
-162
-244
-86
-68
34
-122
-136
8
-86
-20
-38
-84
-164
-38
-164
-280
6
-132
-140
-244
-214
-130
26
-224
-128
-162
-74
-208
-116
-158
-286
-106
-102
8
-158
-162
-134
-142
-266
-114
-214
-98
-2
-52
-128
-80
-120
-118
-58
-132
-108
-170
-174
-236
-250
-262
-184
-212
-190
-76
-204
-50
-58
-196
-200
-18
-170
-252
-34
48
-78
-16
-158
-194
-122
-70
-238
-220
-154
-4
-226
58
-216
-288
-124
-192
-124
18
-78
88
-104
-206
-192
112
-120
-214
-130
-158
22
-234
-102
-226
-72
-160
-146
-14
54
294
-30
-112
62
-28
98
-74
-174
-54
-278
-32
-172
-182
-256
-222
-12
72
-186
-222
78
-190
-200
-120
-136
-136
54
48
-156
-98
-262
118
-154
66
-18
-92
-150
-218
-268
-210
132
-214
-140
-44
-194
60
-170
-132
-194
-80
-74
-58
-106
-10
288
-198
-214
-16
94
-174
-84
-106
-180
-98
-134
-206
-124
146
-224
-94
-76
-182
-140
-124
-238
-240
-158
-40
-48
-6
-52
-244
148
28
0
32
-6
-258
-226
-104
142
-36
-152
-82
-132
248
-164
-218
-188
20
-186
-28
-238
-148
-196
-42
-142
-112
96
-94
-220
-24
64
-64
-266
-230
-246
-284
-198
-76
58
-216
-82
-254
-110
-170
-148
30
-154
-58
-288
-206
-246
-116
-166
106
-98
-58
-168
-176
-140
-120
2
-46
-178
-114
-268
-52
-142
-168
-138
-226
-110
-74
82
54
-188
-172
-94
42
-106
-196
-290
-208
-62
96
-148
-270
198
-110
-8
-214
-44
-96
-156
-48
20
-98
-178
-230
-28
-154
-132
-148
-264
-94
-76
-208
52
-140
-12
-238
-46
-148
-262
-208
-124
-52
-102
-56
-122
-148
-142
52
-40
-256
8
-112
-80
18
38
12
-282
-126
-266
-32
-148
-142
-154
-252
-186
-132
-98
-136
4
-142
-224
-30
-200
-184
-186
82
6
52
-182
170
-164
-184
-226
-172
-122
-46
-216
-142
-74
94
-82
-190
26
38
-202
-154
-216
-154
-38
-76
-46
-166
-150
-200
-22
-68
-72
34
-204
52
12
-104
42
-172
-138
-176
-172
-178
-242
-232
-228
-114
66
2
-18
-270
-80
90
-38
-94
2
-62
68
-154
-124
-160
-84
-228
-128
-76
40
10
0
154
18
-126
-98
-230
-86
-192
-116
-104
-64
-208
-138
-134
-130
-24
-162
70
-190
-16
-278
-118
164
-148
64
-98
-198
130
146
168
12
-166
-78
14
-110
-180
-234
112
-96
-104
-214
-30
-14
-228
-176
-246
-136
-184
0
-128
-28
-290
-180
-230
-130
-204
0
-158
-116
-194
-142
-4
-8
-142
-202
48
-220
-112
156
-76
14
-8
-174
-88
-120
-104
54
-94
-116
-150
-132
-70
102
-158
-152
-116
-16
-98
-112
-108
10
-272
-180
-256
-50
-24
-104
-86
-98
-46
-96
-236
-102
-28
-24
-210
0
-186
-230
118
32
-30
8
-12
-18
-208
-108
-96
-190
-162
-216
-126
-60
-12
-154
-80
4
-232
-48
-66
166
-136
-160
-246
34
-102
-82
-194
-124
-24
-164
-214
156
-78
48
78
24
-184
-64
46
-152
-10
-140
-224
-84
-226
-234
-144
-138
-52
-166
-38
-88
-142
-198
34
44
-92
-240
-196
-208
30
-262
-96
-130
32
-246
-78
-282
178
-242
-158
-198
-228
-126
-92
-182
-66
-152
-16
-114
-136
-8
-36
-270
-180
-104
130
-160
-74
-208
-220
-6
-170
-98
-40
-190
236
-52
-230
-88
-150
-184
-170
108
50
-92
-132
-158
-154
-86
-28
-84
-234
-50
-108
-238
-40
-170
-196
-174
-246
56
32
-150
-248
-212
-74
-154
-184
-120
-190
-132
-50
-184
-254
-62
-206
-264
-278
-154
-240
-272
-98
34
-48
-104
-112
-224
-122
-150
-96
-100
-180
48
-178
-34
112
-236
-250
-154
-80
-182
-236
-174
-126
32
-154
138
-210
-92
270
-206
-164
-96
-200
-136
-64
-192
60
6
-214
-288
-264
70
-190
-92
-46
-238
0
-170
-150
-220
-280
132
-144
-216
-262
-236
-154
-260
-224
-114
-158
-280
-166
-176
-142
-134
-186
-54
74
-46
-18
40
-170
-222
-38
-158
-140
-26
126
44
-140
-194
-188
138
-156
-136
134
-126
-76
-266
-146
192
-230
-260
-128
-242
-246
-228
-234
-196
-256
-112
-156
60
-24
-32
-156
-204
-154
-60
-80
-182
-144
-150
96
84
78
-50
-180
-26
-186
-110
-204
-200
-150
-76
-124
-240
-196
-38
-184
64
-70
-226
-148
-72
-146
-116
-26
-266
-166
-162
-58
-52
-164
-156
-118
-52
-246
-222
-74
-22
-88
-24
-74
110
-18
-220
-74
32
-202
-204
-146
68
-90
-258
-260
-120
-108
-196
-98
-122
-76
-134
-240
-184
-156
-90
-108
-188
-26
-60
-14
-170
-36
-132
-220
-168
-128
-92
112
-122
-150
-22
-110
8
-90
-234
2
-236
-274
-72
-274
-40
-206
-54
-152
140
-68
-254
-172
-128
-156
74
-114
-294
-300
-182
-154
-168
-252
-178
-52
-12
-130
-294
-100
-166
-148
-36
-278
-170
230
-134
154
-78
-134
40
-226
-66
12
-62
-204
-196
50
-226
238
-78
-56
-96
-224
-262
-132
-8
-132
-166
-150
-216
-210
-188
80
-82
-60
-188
-214
94
180
50
-234
-198
-186
-176
-162
-198
-70
-64
-130
-172
-238
-178
-130
-260
-170
-158
-208
54
34
0
50
22
-118
2
112
64
-254
-136
-200
-298
-26
-176
72
-94
-104
-232
-146
-124
-64
-70
-72
-292
-34
-280
-100
-200
-64
-190
-52
-4
-22
-168
-176
-36
18
36
-158
-146
84
-114
-178
68
-38
-134
14
100
-24
142
-106
-78
-296
-222
-36
-204
-94
-24
16
-20
58
150
-230
-60
-200
12
-214
-260
-174
-146
168
110
-20
-116
-166
-280
-44
-78
-56
-168
4
-232
-72
4
-184
-96
-170
-208
-252
-130
-166
-62
-158
-68
-72
-244
-102
-54
78
-48
-162
-110
-76
-274
112
-198
-170
4
-170
14
-10
-74
-262
-188
-70
-76
-48
8
-30
-90
-64
-230
-28
188
-294
-6
-226
100
-134
-78
-152
116
-286
-290
-124
-198
40
-30
-74
-8
14
-40
212
-112
-176
152
-236
-18
-102
-198
-174
-258
-194
-20
-66
-256
6
-238
-160
22
-108
-100
-128
-190
-202
10
-246
-162
-156
48
-266
-258
96
-50
-100
-150
-130
-206
-204
-186
-112
-236
-236
-82
-146
-80
-36
-92
-290
-18
-156
-134
-64
94
-244
-156
98
198
-36
-98
-108
-136
-112
-202
-80
-152
-102
-218
-108
-68
-168
74
-212
204
104
-164
-170
-214
-58
-196
-226
-256
-262
-280
-198
-44
-252
-52
-206
-196
-158
-92
-184
-204
-194
-36
-70
-150
10
138
-56
-110
-126
4
-186
180
-136
-136
-176
90
-106
-130
-110
-70
-122
2
18
100
-234
-232
210
-134
126
-22
-128
-216
-36
156
-256
-58
-256
52
110
-196
-22
-178
24
-138
226
-136
-184
-124
-176
-46
-58
-124
-62
-64
-230
-38
296
-48
-128
-42
-88
-100
-222
-146
-290
-34
-254
-144
142
28
30
-194
-136
-178
-142
-202
-102
-178
60
-32
-104
-30
-84
-194
104
-100
-196
-224
-138
-142
-170
-172
-138
-50
-130
-110
-38
-140
-148
-150
-216
208
-130
-268
-152
-218
116
-240
-258
222
28
-4
-144
-184
-166
32
-226
-202
-58
-120
-74
-60
-30
-154
14
292
-128
-36
-160
268
38
-98
-158
194
-104
-228
-92
-164
-154
20
-60
-282
-54
-154
-60
4
-258
-180
-224
-32
202
-142
-106
-132
-202
-216
150
78
-164
-166
-168
-66
-148
-274
138
-178
-250
100
-10
-12
-22
-24
-206
298
-90
-238
-202
22
-110
-186
128
124
-64
-170
-152
-56
-204
-42
-20
14
148
-208
-194
30
-226
-300
-280
-194
-154
-76
-192
-70
-234
222
2
28
-250
-230
-228
-170
-112
-240
260
10
-260
-120
-20
-226
-176
144
-74
-70
-240
-130
-116
-20
-280
-258
-124
-20
-12
-166
-90
-136
102
-182
-178
-174
-176
-132
-64
-70
-196
-234
80
-220
-28
-50
-114
-106
-168
-104
-178
-2
-76
-124
-130
-228
48
-182
-208
132
-236
-266
-170
-44
264
-166
-74
24
-128
-194
-220
-216
-144
-258
-126
-170
-260
-132
-96
-270
114
-116
-164
-24
-134
-18
62
-56
-132
-204
22
-60
-142
164
16
-132
-184
-80
-4
-112
76
-228
-124
-170
-182
-136
-154
-212
-50
-72
-176
-122
-192
22
-154
-276
118
-148
-212
-248
8
-26
-110
-80
-234
-78
-246
-108
-100
-16
-220
-34
-234
-204
-232
-164
-68
-208
-270
-126
-170
-146
88
80
-276
-172
-16
-74
-220
-46
-270
-220
-138
-46
-202
-154
-130
-164
80
-4
-106
-200
-74
-226
-188
-30
-66
-14
-10
10
-204
-144
-186
-214
-228
-96
-50
-206
-104
-258
-92
-124
100
122
-200
-64
80
40
-44
-260
-256
-38
-52
-204
-226
-124
-134
54
-138
-86
188
-290
-254
-198
-24
-2
-152
124
-164
-190
-180
-44
10
-210
-164
-250
-8
-76
-148
0
-16
-178
-2
-108
4
-196
-158
-52
-180
-118
-100
-108
20
-190
-130
-86
-136
-160
-2
-228
-158
-268
42
-230
-16
-214
-74
-258
-242
-70
-114
-22
-16
-30
-270
-164
-140
-216
6
50
-64
-54
-226
-96
58
-4
-226
-196
-136
-12
-38
44
18
-246
58
-12
-228
-160
-48
-168
-114
-240
-156
-238
-210
-44
136
-128
-222
-156
-102
74
-44
-114
-144
-286
-86
-160
-222
8
-46
-116
-108
-196
-88
-46
-52
-290
-10
-18
-232
-112
-128
58
-190
-242
102
-154
-214
-112
-88
-34
150
158
-140
-80
-186
-156
166
-244
102
-184
-192
-148
-24
-128
-40
20
22
210
-178
-128
-112
-30
-280
-282
-180
-98
-298
288
-180
-252
-104
-64
-114
-184
-96
-240
240
-232
-108
68
-184
-192
-114
-110
-86
-132
-162
6
-126
-200
-170
-12
-8
-94
-142
-78
-144
60
-240
-132
-252
-88
-178
44
-158
-234
-48
-200
-36
-198
-58
-66
2
-224
-122
-144
-106
-110
-70
296
-100
-280
198
-152
-158
-152
142
-132
-58
-112
-248
54
-214
-30
-268
-24
-160
44
56
50
-46
-60
64
-256
-104
46
-170
-232
-38
-76
-74
40
-172
-56
-258
-266
-100
-260
-136
-162
-76
-188
-192
-222
-132
-130
-198
-196
-68
82
-90
-110
-138
-234
222
-200
-42
-150
-148
-154
-192
-142
172
-156
26
42
-46
72
-40
-264
-272
-96
-196
-16
-224
-196
-214
-142
-74
24
-182
-96
-50
-146
50
-284
108
94
-76
-94
-40
-56
32
-278
-124
-210
-66
-48
-126
-244
-258
-74
-40
-26
-126
-4
-134
-114
-162
-8
-24
-120
-226
-142
148
-240
-228
-54
-126
-176
-60
-92
-134
-132
-112
-82
-260
20
-86
-86
-64
-200
-200
-72
76
-146
-58
-208
-158
-2
-126
-184
202
-254
-210
-104
-222
30
-230
-172
-188
-98
0
28
4
-48
-24
-110
-88
-86
-232
-72
-232
-118
-50
-160
-32
-64
-278
-284
-90
-98
72
-164
274
-146
-124
-128
-250
-254
-198
-70
-148
-80
-170
-290
-228
-264
-244
-78
-226
-120
-168
-138
-186
-148
-192
-100
-210
-138
-102
-118
-244
-218
-78
-34
-274
-134
-118
-138
-202
-174
-154
-258
152
-300
-182
-40
-174
-98
64
-156
-134
-106
-92
-244
-230
-48
-158
-68
-42
-166
-178
-182
-118
14
-150
-158
-184
-70
-140
104
-118
-252
-50
-110
-82
0
-96
14
-192
-38
-258
-230
-226
-148
-162
-48
-116
-266
-118
-6
-138
-210
112
-224
-194
-70
-192
-174
-142
-42
-76
16
28
52
-142
-278
-22
-188
8
18
276
-212
-218
-46
-68
-146
-278
-272
-116
-94
-22
-196
-74
-204
-188
-188
52
-138
60
-270
-208
-58
-106
-66
-262
-54
-114
-108
-58
38
-200
-92
-102
-234
66
-168
88
-108
-94
-92
-144
-46
6
-66
-56
8
-274
-46
-136
-198
-26
-184
186
-42
-60
-34
-170
-56
-40
-150
-162
300
-156
106
-6
-256
2
-184
-196
-70
-18
26
-32
-152
226
-90
-156
-152
-204
-24
-16
-24
-62
-174
-208
-84
-48
82
-68
148
-174
-16
14
-220
-152
-154
-16
-284
-262
-150
-70
42
-216
-256
-172
-102
142
-162
-34
176
86
-88
-48
-46
-84
-86
50
-178
-44
-270
-202
58
-290
-232
-74
20
-136
-198
-62
70
-46
-22
-152
-242
-28
-214
134
298
-152
-24
-230
-170
-94
-66
-100
-148
-110
-56
-192
-152
8
-102
-218
-6
-86
56
-130
-42
256
-234
-222
-42
-224
-36
-82
-158
-18
-182
-12
-74
-210
-68
-154
-220
-156
86
-140
-206
-214
-242
-18
-52
-130
-46
-160
-80
-152
-42
-88
-158
-154
-70
22
-76
-120
18
42
-196
-24
172
0
-84
-22
-46
-2
-144
-198
-144
-116
-60
-108
-16
-150
-186
-214
104
-80
-178
-218
-176
0
-42
-260
-170
-76
60
98
-60
-162
-100
-56
-236
-140
-168
-252
50
-146
70
-82
-212
-100
-36
-192
-286
-24
-92
-10
-190
70
-64
-124
-36
-24
-156
-90
-190
-118
-20
-284
-124
-254
-14
-230
-8
-88
-250
-156
-132
44
-216
42
-270
-208
60
-126
-48
-268
-204
-42
-70
-72
64
-232
-164
178
-218
28
-70
-154
-246
-240
-200
30
-128
-232
-92
-162
-200
-270
-154
-62
-248
-138
-28
-160
16
-40
-114
-4
-110
-166
-24
-240
-46
-24
-88
-122
-170
-158
92
-50
-206
-104
-252
32
-136
-212
-140
-82
-32
-118
32
-104
-128
-216
-178
-256
-130
-132
30
230
-158
-148
-118
-8
-28
-228
-178
-232
-80
128
-108
188
142
-116
-136
-56
122
-98
-114
132
-96
-30
100
-246
-232
118
156
-128
-116
-88
-122
-146
-248
102
-156
-150
-188
-248
-248
-142
-110
-114
-252
38
44
-174
-178
262
-268
-8
-20
-84
-218
-82
-28
-106
22
232
-300
-58
-144
156
26
-224
-18
-140
-164
-148
-124
-176
78
-238
-212
164
-254
-274
72
-238
162
-198
-10
-172
16
-50
34
192
-60
-74
32
-192
-162
-76
2
-226
-218
-166
-238
-64
-194
-60
-150
-198
-192
-244
-184
196
124
-36
-18
-244
-220
22
-46
-212
-52
-182
-248
-106
-172
282
-230
-162
-170
-234
160
-222
-10
-36
-170
-150
46
-16
-210
90
-176
4
-158
-22
-228
-128
-58
-28
154
-138
-240
-158
-130
-218
30
-194
-72
-112
-146
-96
-140
-280
40
-230
182
-200
-36
-76
-242
4
-92
-116
-8
-192
-228
-140
-148
-154
-110
-232
-226
-86
-90
-284
-28
-148
266
-16
72
-178
-156
-120
184
-252
-124
-220
-204
-116
16
-186
42
48
-46
0
-206
-216
-30
-244
-232
52
-212
-130
-102
-150
-200
-32
-190
64
76
-130
-98
-88
-68
-228
114
116
-292
-2
-122
-172
-96
-216
-40
-254
-146
-128
-232
-156
152
-138
-92
-218
-186
-138
-24
40
-162
-182
-146
78
172
-112
-110
-20
-30
-194
-60
150
-86
8
-284
-174
-118
-152
-162
-228
-250
-6
-198
-250
-240
-88
-220
-128
-138
138
-14
-182
-90
-206
-72
-228
-188
-12
-42
24
-272
-232
-154
-210
206
-240
-160
188
-72
-248
10
0
102
-208
-86
-190
44
-120
-206
-232
-102
-36
-78
14
-208
-204
108
-150
-160
-236
-150
-194
-220
-146
-266
-22
-162
-22
-138
-40
-86
156
8
-202
-114
-218
-212
-24
-276
-136
-96
-136
-42
-116
-90
-12
52
-122
278
-44
-182
24
-98
-210
194
-22
-104
-128
-200
-156
-150
-248
-296
-84
-166
-112
-108
-100
232
-202
-266
38
-234
-20
46
-132
-128
-152
-188
-282
-84
-162
-182
0
-162
-144
-230
-168
-214
-34
-174
-142
-108
-138
-160
-80
-124
-206
-64
300
-264
-32
-90
-278
-286
-204
126
-212
-210
-154
-86
28
-124
-170
-4
-88
-204
-210
-278
-82
52
-54
-132
-290
-236
-36
104
-260
-104
-206
-70
-38
-26
-204
-134
14
294
10
-172
-250
-56
56
20
-164
-170
-194
44
-168
-190
-42
-88
-272
4
-66
-260
-54
-220
-96
-156
-214
-2
-120
-176
-214
-170
-258
54
20
-272
-52
-210
-212
4
-194
-108
-282
-58
-74
-256
-242
-112
-168
-232
-62
-290
-192
132
-60
-58
56
-288
-148
-178
-114
-186
-86
-158
-218
-206
-296
-48
-262
-132
-224
-184
-88
-118
-152
-42
-212
-30
-54
-16
-248
-24
-32
-72
10
-176
-134
34
-208
72
-230
-254
-240
-134
-216
104
-88
-156
-98
-184
-284
-96
-164
144
4
-272
-102
-144
-108
-100
-270
-158
-70
-84
152
-282
-146
-300
-194
-112
-112
20
-122
-152
-194
-78
-48
-166
-210
-122
18
38
-180
-90
-122
-50
-84
-64
170
-164
-186
-258
-108
-120
164
-62
-132
-216
-202
-138
-64
-156
92
-132
42
-110
-90
-54
-226
56
-210
-142
-66
-206
-244
-202
-162
24
-18
-232
-282
-188
-264
-208
-200
-156
-126
-248
-90
-132
-152
-46
-62
-16
-56
-226
26
-80
-182
106
-118
134
-186
-150
-158
-282
-224
182
-244
-222
-184
-122
-98
-102
-300
-138
-218
46
-262
60
12
-210
-146
56
-86
-182
-144
-254
38
-190
222
-90
-94
-74
-202
-30
-164
-294
-98
16
-252
-124
-46
-192
-182
-174
98
-268
-214
16
-128
-244
-86
-112
94
-84
-236
-138
-4
-116
72
-286
-150
160
-156
104
-180
240
-38
8
-166
-206
-106
-84
-106
-218
-260
-288
62
-88
-134
-214
-4
84
-242
-142
-232
-168
-232
-84
-162
-170
-168
-88
-82
-228
-6
-188
-150
58
-156
-134
24
-212
-114
-248
-144
-236
-108
-152
-10
-164
-250
-134
-6
-20
44
-296
-224
-186
-2
-148
-196
-264
-174
-12
-166
-150
-52
-234
-114
-86
-70
-160
-222
-120
-76
22
30
-230
-100
-108
-90
-22
-120
-214
-74
-68
-170
-86
28
-56
-204
-224
-164
-186
54
-26
68
-8
-206
-110
-290
144
42
-88
-272
-114
-226
-196
-78
-114
-74
-172
-32
-4
-2
-76
-82
-50
136
-224
-200
-62
-146
-250
-156
-56
-142
-130
-228
56
-226
-136
50
-116
278
70
-234
-166
-156
-120
-134
-210
-78
82
-274
-146
-176
226
-124
-62
-144
-210
-238
-262
-102
-90
-148
-148
-208
-154
-192
60
-260
-172
-198
-94
-190
-130
24
-124
-42
66
14
-44
26
-250
-166
-38
-50
-32
28
-170
-232
-34
-102
-24
-118
-156
-82
-84
18
-212
-224
86
88
-96
-118
-200
-150
-76
-200
294
-172
-124
-50
-64
-174
226
-32
-38
-174
-152
-228
-2
-232
74
-158
-186
-158
-140
-188
-246
-202
-254
4
-120
-182
-150
-116
-150
142
-138
-72
-244
-70
-200
-136
26
-226
-58
-96
-196
-172
38
-44
-252
-94
-86
94
52
-222
-236
-8
-102
228
-238
-238
-216
40
-266
-146
-170
-174
46
-132
-218
-170
-216
-254
-12
-66
-104
-126
28
-186
-162
78
-126
-76
2
-90
-134
-150
-40
-212
-162
276
-88
212
-162
-124
-238
-232
-28
-162
-86
-8
-138
-206
-192
-16
-96
-88
-78
-160
-88
-108
-90
46
-132
-130
104
-232
-54
-76
-160
-14
170
46
-76
-204
-52
-28
-228
-196
-104
-126
-196
-126
-236
-144
-246
-168
-104
-64
-236
-238
-80
-94
-32
-182
-100
-210
-188
-220
-100
-214
150
-26
-78
-8
-260
212
-292
-142
-14
-106
-116
-166
-80
-234
-94
-182
22
-232
-140
-256
-246
-140
-72
-242
100
-208
-232
-206
-184
-66
-164
-146
-26
-92
-202
-158
-264
-290
-174
-66
-176
-148
-198
-158
-222
-184
-166
-176
70
-144
-140
-2
-110
-68
-122
-256
74
50
-150
-16
-218
-294
-156
-72
-6
-202
-16
-100
-276
0
-118
20
-94
-126
-34
96
-12
-214
-166
56
-132
-156
-106
-178
22
10
-172
-190
-68
-232
10
-252
-162
-144
-124
26
-160
-150
-68
-124
-64
-56
-118
-70
-242
36
-112
-222
4
-280
-222
-80
-150
-232
52
-276
-108
-130
-268
-126
-128
-66
-226
-150
-66
-152
260
-18
-58
-194
-110
50
-216
-196
62
-106
4
-134
-210
-58
-60
8
218
-190
-286
-76
-254
-148
-96
282
-132
-198
-32
-72
-210
-50
-146
-242
-128
20
-22
-46
-126
-26
-186
-188
-200
-114
190
-164
-124
4
-94
12
-196
-218
-50
142
-84
-122
-154
-248
-180
-170
300
94
-86
-68
-234
-240
-70
-188
-220
-120
-90
-80
-134
-118
-198
-214
-84
16
-16
-102
-286
-192
-198
4
44
116
16
-188
-226
106
-224
-74
50
-138
-224
-266
-8
-152
-38
-154
-4
-114
6
-12
20
78
-8
-118
-102
56
-154
-126
-120
-100
-44
80
-160
-76
-146
162
-54
-170
-182
-154
188
-64
-70
-228
-108
28
-76
276
-40
-78
-10
-178
-160
-44
-106
68
144
-210
-70
-98
6
34
-140
-294
-140
40
-186
-170
-58
-68
-266
-106
-90
-188
-260
26
-22
-72
32
-208
-192
-92
-244
-278
-192
8
-224
-106
-128
-182
-38
-90
-214
-74
162
120
-116
-78
-14
-54
-174
-176
146
-106
-148
168
-140
-156
-260
300
-176
12
-214
-154
-68
-122
-92
-162
-54
-140
-168
-222
-204
-34
-224
-198
-160
200
-176
-232
-108
-192
-124
-188
-48
-58
-108
18
-236
-8
-148
-120
0
110
-90
-2
-204
2
-244
-22
-142
86
280
-164
-128
-224
-148
48
-240
-98
-134
84
-80
8
-120
-180
-222
-136
-258
-248
-36
-70
-176
-26
-186
-54
-200
-126
-198
88
-174
-260
-150
176
-94
-116
-72
-244
-150
-120
-240
-198
-136
-100
-136
-154
-220
-226
-74
140
-238
-94
-106
-206
-132
-98
36
-90
-252
134
-202
-244
-134
-240
-116
-198
22
-182
-86
-238
-240
-54
86
-64
20
-58
-160
-58
2
-20
152
20
-138
-30
-70
-196
-212
-180
-144
-114
-138
12
-132
-162
-118
-282
-36
-146
-180
-154
26
-128
16
-24
-88
-82
-86
168
-86
-160
-82
-112
-192
-228
-60
-118
-162
-120
-206
-174
-140
-154
-116
66
-114
-292
62
-166
-192
-64
-286
-122
-202
-98
-240
-234
-72
-258
-166
-102
-140
-42
-246
-62
-182
-26
-26
-162
-174
-146
-236
-204
-178
-72
-16
54
-148
-8
-88
-230
-238
-128
-172
-182
-198
-264
-250
-26
-160
-170
68
-86
-18
154
-172
-38
-2
8
-178
-130
-164
-68
-162
-154
-150
-76
-216
-178
50
164
-110
-296
-240
-194
-240
-216
-86
72
-118
136
-202
-214
-44
-138
254
-136
-116
-128
-248
30
-280
-232
20
-192
-26
282
-180
-76
-176
-142
-46
-166
58
-188
204
-276
-130
-188
-292
-182
-76
-92
-258
-110
-134
-140
-104
-154
-182
-178
224
-230
-206
-104
-30
-74
-86
-240
-118
-202
-162
-234
-38
-214
-206
-124
-222
-46
-52
-114
-152
12
-142
-150
-72
-182
-182
-230
-14
-82
-82
-238
-182
-194
-92
182
-160
-184
-112
-30
10
138
-126
-70
-8
-268
8
-278
-24
-14
-236
116
-226
-162
84
-100
-256
-212
-222
-212
-150
-220
-238
-180
-118
-168
-198
-134
34
12
14
-182
-10
-222
-166
-54
152
-152
-50
-182
-206
-182
146
-266
-40
-230
-128
-16
-28
298
-174
300
-162
-122
-126
-280
-210
-156
-62
-126
-24
-100
-258
-206
-160
-106
-158
-202
-88
42
-260
-166
-202
-150
-106
-252
4
-108
-264
-294
-232
-32
-84
-46
-60
-126
152
-104
4
-250
168
60
2
-140
-12
-148
100
-50
-92
-192
-214
-146
-80
-120
220
-76
-184
22
-16
160
-72
-110
-278
-128
-206
-146
-170
-86
116
-124
-268
232
-136
-176
-140
-148
-90
-44
-232
-90
2
-130
-224
-140
-76
-140
-42
-112
-190
-122
-82
-220
32
66
-70
-26
60
-202
-14
-230
18
-40
60
-256
-142
-246
-116
-204
-130
-42
-208
-68
-110
-86
86
-148
-118
-248
-216
-210
-108
-124
-82
-130
-148
-124
-224
-158
-68
-246
-240
-108
-264
-10
-178
34
-220
22
-42
-192
-16
-194
-78
-134
-126
-72
-68
-244
-186
-126
-206
-206
-184
-194
-158
-140
50
-8
0
-202
-158
-132
66
-286
-198
-108
-114
-168
-266
-186
-146
74
-178
-242
-66
-36
-62
-56
10
-124
-216
-208
-262
-102
-250
-124
-266
10
-88
156
34
-262
-62
110
-2
-10
40
-166
-178
-80
10
-170
30
-80
-48
-194
30
-126
-160
18
-150
-144
24
158
-168
-228
28
-158
-236
18
-76
-292
-86
24
-250
12
10
-34
-248
-162
-130
-100
198
-208
-60
-218
-122
82
-228
78
-44
-248
8
-150
-224
-202
-88
-230
8
-208
58
-142
180
-198
-128
-112
-120
-212
154
-100
70
-32
-178
-100
276
-186
-244
-246
-204
-230
-184
-106
-130
-272
-54
-172
-92
-290
-156
-178
-266
-210
-188
40
-88
-240
-184
-18
28
-150
-268
-14
-128
-276
26
12
-110
-150
-94
36
-250
-206
-208
-62
-54
6
-112
-140
42
-72
96
-140
-252
-176
-154
-84
-168
-230
-112
-234
-104
-32
-238
-150
-60
-220
278
-250
204
-216
-196
-212
-98
-54
-264
-90
-148
-228
-114
-32
90
-108
-146
-226
-220
-184
8
-210
-56
-252
-214
-28
-264
-228
86
-194
-222
-96
-62
-192
-206
94
24
14
-42
-146
-130
-260
-200
-54
18
-266
-32
-122
-262
52
-90
-4
54
28
-198
-156
-146
-178
-220
-210
-172
-134
-52
-172
-34
-230
-130
-64
68
10
-196
-84
-188
-78
-200
-258
-230
46
2
-160
-224
-226
-66
134
64
-256
-180
-68
-196
18
-58
-148
-194
-144
74
-160
-22
-110
-224
-132
-230
-180
-172
-8
-270
-150
-190
-178
-186
-42
-56
-102
-66
-90
-68
-198
-230
28
-110
-126
-268
-72
86
64
-268
-108
-276
-186
-96
-204
-240
-94
-240
-80
-54
-212
-60
-90
-122
266
-200
138
-196
36
-234
-182
-118
-228
-128
-116
128
-56
-168
-66
-232
-206
-78
-132
-256
0
-142
-250
122
-124
-190
-56
-170
100
-194
-252
-110
-150
-146
46
-120
-256
-114
-114
148
-160
-138
194
-200
-78
-20
-14
-6
-130
-136
-262
-114
-154
-194
-158
-202
-210
6
-56
-142
-206
-284
-18
-146
-182
18
-154
-168
-192
144
-112
-150
-84
-114
-40
-188
-284
-164
-266
-136
-16
-76
-154
-116
-54
-176
-182
-58
-188
-188
-60
-18
-150
20
-130
-162
-24
-152
-184
-246
-286
-240
-136
-154
-244
-126
60
-210
-284
-110
86
-94
-36
-64
-148
6
-198
-148
-88
-294
10
-172
22
24
58
-198
-110
-48
-164
-56
74
28
-182
-170
-138
-264
98
-30
-116
-238
-130
-60
-34
-126
-114
-130
78
-104
-174
-78
-112
-184
-40
-68
-218
-142
46
-166
-190
-178
-204
64
-88
-138
-288
-116
-190
-28
-86
-138
-204
-246
-190
-114
-108
-106
-60
-4
120
-28
-104
-112
-100
-42
-64
-112
-250
-158
38
-188
-34
-152
-198
256
-20
146
-52
-202
12
-286
-230
-264
28
-56
-222
-162
-154
-174
28
-208
-232
-270
-202
-106
-96
-82
-200
-200
-106
-128
-48
126
-136
-138
-262
-114
-106
-276
-62
234
-182
-240
-70
-14
-180
-200
-168
-116
-272
-104
-202
-88
-68
74
-90
-234
-204
-158
-70
12
-200
-220
-154
-258
148
-64
-108
-192
-208
-126
-58
-112
-222
-108
-172
-232
-90
-216
92
-168
-244
-214
-84
-162
-194
-38
-178
-160
6
-80
-78
-148
-112
-198
-80
-68
-170
-142
-6
-128
-234
-220
-210
48
156
-112
-130
-138
-74
-48
-224
52
-262
-146
-176
-246
-192
-156
-122
-250
-4
82
-254
-66
94
120
-224
-20
100
-84
190
-198
-60
-48
-4
-174
-84
-150
-136
-84
-76
-112
-176
-112
-184
-30
-162
-134
-80
-72
-138
-54
-220
144
16
-226
-94
-260
-118
-216
-162
-178
126
-288
-108
-246
-36
-96
-66
-160
-278
-126
-216
-132
-190
-226
-204
-166
-166
-278
-16
98
-32
254
-44
-60
-254
46
-220
-250
-22
-152
-164
-18
128
-102
-180
-186
-194
38
-146
-24
-222
-148
-8
-218
136
-210
-170
300
-42
-56
-46
-278
-88
-126
-228
-152
-168
56
-162
92
-50
-86
2
36
-240
-148
-136
132
-58
-92
-80
-76
-144
-128
-182
-20
-300
-192
-118
-178
-52
92
-192
-240
-20
-118
156
-206
88
-60
-214
14
-96
-220
-226
-180
-144
66
-222
-178
-12
-168
-164
-264
44
-160
-136
26
-70
-246
-96
38
-84
-214
-110
-150
-164
-84
-86
-56
-230
82
-220
-282
-208
-242
0
-122
-186
-202
-260
-56
-94
-152
-162
-10
-280
-114
-162
-82
-138
-244
-246
-128
92
-42
-160
-162
-110
10
-114
-146
-186
38
-214
-82
-124
298
-130
-282
6
-94
-162
-28
-20
-140
-180
-208
56
-156
-164
-174
-112
-258
-130
-72
-264
-262
-16
-32
12
-160
-256
-18
298
-212
-10
-18
-162
142
-188
-100
-198
62
-26
48
-268
-90
-182
-238
-176
78
-164
156
-4
-62
-200
-232
-124
116
-176
-14
-110
48
-104
2
-2
-78
-134
-168
-110
76
-212
-32
-118
-66
138
-194
-178
-200
-128
10
166
-212
-108
4
-254
-298
-182
-160
-90
10
-208
-204
-78
-250
-116
122
-208
-140
-204
-228
-268
-158
-180
-224
-170
-130
-114
-88
-62
24
-86
-184
-2
-202
-258
-148
-52
-140
-186
106
-208
-12
-100
-140
-20
-84
-170
-48
-214
126
-142
-30
-236
-16
-72
-300
146
-256
-232
-172
-230
-174
18
-162
-228
-60
-168
-68
-282
-30
-142
-236
-186
-234
20
26
-52
-260
118
96
20
-154
46
34
-78
-8
-84
-82
-76
-98
-76
-118
-212
-118
-152
-244
-178
-184
-214
-210
-62
-234
-192
-174
-8
-128
-196
-16
-90
-210
-190
-124
-198
-228
-204
-18
-60
-10
-90
-214
-132
68
-226
-34
-92
38
-94
-188
-252
72
-110
-82
-300
-60
-108
114
-212
-24
-194
54
-190
-114
-154
-232
-42
56
-82
-190
-166
182
-108
-130
-28
-92
-290
-300
-192
-222
-22
-46
-222
-220
-52
62
-226
-60
-116
28
-164
56
96
-148
264
-186
-156
-200
-164
0
-46
-278
-92
50
58
-72
-26
136
-198
-176
-26
-148
-178
-244
-204
-46
-76
-176
-52
-14
-190
-256
-236
-106
-100
-18
-226
-168
-232
-118
-166
-226
-30
-92
-162
-276
-64
-248
70
-82
32
-158
-144
-200
136
52
-176
-120
-38
-178
88
-102
-232
-234
-180
-152
4
-180
-56
10
-240
-82
-142
-152
-230
-282
102
0
-138
-176
-116
-48
-102
-8
-20
-54
166
-242
-242
-196
-146
-116
-70
-116
-264
-96
-240
-226
-36
-160
-60
8
-106
-290
-226
-118
-208
-210
-126
-20
64
-172
-4
-180
92
-54
-208
-82
-150
0
-256
-72
-42
-144
-132
128
-92
-118
-68
-206
-288
-78
-224
-84
-78
-88
68
10
-212
-8
-248
-130
-226
-110
-162
-110
30
-242
-274
-246
-180
56
-174
-128
-248
-260
-16
-54
-44
-66
102
-180
-200
-166
-184
-236
-152
-212
-210
-94
-2
-156
-182
-210
-140
2
-66
-208
-132
-92
-190
-82
-58
-54
-116
-234
-154
-122
-174
-152
-132
-134
-172
-70
68
-238
-126
-188
-200
170
-62
-146
-16
-194
-88
-280
-112
-34
-154
-182
-56
260
0
-258
-138
-192
92
-200
212
-248
-168
234
52
-218
-94
-186
-74
-42
-172
-196
-70
-256
-80
-210
-172
-90
72
-164
-264
-146
-280
-80
70
-24
172
-108
-210
-162
-254
-196
-212
-34
-90
-130
-110
-94
26
274
-56
134
-164
-158
-68
-280
-218
-128
-102
-40
-222
-270
112
-276
-124
108
-214
-134
-36
64
-190
-170
-176
-74
-40
-214
-130
162
-128
-104
-118
-74
-138
-156
-250
-156
-100
-118
-118
-4
-248
-226
104
286
-76
106
-124
-10
2
46
-30
-172
-80
-288
146
-252
46
-24
-294
-172
-164
-94
-168
-108
-252
-156
-162
48
-156
-282
-218
-96
-84
-244
88
-8
172
16
-58
-80
-162
-140
-106
-110
-218
-94
-238
164
-132
-212
-144
-196
-48
-256
-132
102
86
-46
-154
-262
-196
-208
-282
-200
-84
-166
-96
-206
122
-190
42
-270
-242
68
-78
-146
-16
-206
-202
-136
-74
-94
-106
-228
184
-148
-142
-158
-120
-18
68
-210
-172
-282
-132
-104
-282
-90
-136
-128
20
-104
78
-92
214
-22
-158
-110
-204
-246
-178
-28
-128
-160
22
-116
-262
98
-22
-280
-216
-150
-158
-146
-194
-186
-228
-160
-258
-148
2
-278
-92
124
62
28
22
-220
-114
-132
-52
-226
-124
-90
-272
154
-100
-48
-244
-124
-238
-98
-98
-62
-78
-52
-62
-194
-206
-294
-238
-166
-232
-216
-150
-130
26
-170
-106
-84
-268
26
-230
-228
-14
2
-246
-20
-8
-248
-126
-62
-32
-122
-124
54
-192
-118
-294
-60
-88
-38
-146
-90
64
-60
-154
-172
-196
-232
-76
-94
-136
-198
-40
-44
-220
-182
-180
-198
-56
24
-152
-240
-160
-106
4
10
-76
-228
42
-284
-220
-256
300
-222
-140
-140
-14
-50
-208
-56
-180
-224
-134
-88
-254
-142
-216
-204
-60
-160
-78
-118
64
-108
-234
-34
58
-186
-238
-42
68
-234
-242
-114
6
-138
58
-244
-226
-50
-138
-118
-298
-42
-212
-92
124
-46
-216
-74
-130
144
58
-174
-150
164
144
-36
-104
-256
-218
-62
-168
-138
-122
-162
-42
-56
138
-132
-278
-194
-60
-210
124
-124
-54
-300
-158
-222
-194
-134
-244
-78
-24
-54
-234
-174
-194
2
-54
78
-188
-240
-92
0
-100
-224
-138
0
-130
-146
-68
-136
-146
-22
-76
-136
-190
-182
-98
-136
-148
32
-60
-88
-180
-80
-178
-24
-80
-18
-117
44
-14
126
-124
30
-88
-196
-168
-164
14
-112
-172
184
-150
-206
-150
-170
-236
-76
-134
-160
-188
-112
-166
-140
-82
-156
-166
-234
100
46
-106
-42
-226
-80
-68
-32
-44
-78
-62
-92
-134
-278
-46
-158
-106
-52
-108
-152
-178
62
-150
-238
-214
-100
-154
-228
-274
-134
300
-118
-64
-166
-96
-172
-256
-68
-122
-106
-100
-158
-258
168
-30
-4
-68
-58
-4
48
-168
-150
-22
212
-60
-108
86
-4
-56
-114
40
-164
-258
-116
-116
284
-222
-244
-206
-262
126
-140
-10
-182
32
36
6
-168
180
-38
-186
-120
-232
-74
-206
-244
-142
94
-94
-104
-46
-50
-222
-196
-214
-94
-68
-138
-168
-90
-244
30
94
-164
-198
-140
-144
-22
64
-274
-78
-54
-240
-250
-274
-12
-118
-32
-154
-216
-164
-54
56
-50
-204
-102
-214
-24
34
-246
-178
-168
-168
-226
-184
-56
2
-100
-278
-124
24
-142
-182
-210
166
-44
-250
-142
-56
-230
-172
-206
-188
-118
-110
-202
-216
-6
-132
-270
-220
-242
230
-154
-48
-202
-156
188
-274
-184
-252
-264
-148
-74
-264
-236
-106
-234
-184
-224
-46
-124
-162
-294
-148
-128
-192
18
10
-156
-218
186
-56
-162
-16
-224
16
46
-6
-192
-116
-116
174
-170
-96
122
-282
-234
-154
-260
-232
-88
-86
-130
-116
-280
-232
-142
-84
-220
-134
-50
10
-178
-32
-84
-46
