300
38
-118
94
256
178
28
280
108
300
-142
-36
36
282
256
22
206
-214
-20
262
78
-6
16
-136
-70
300
286
-14
132
-186
248
-147
-50
-212
-122
-246
286
36
300
-90
184
140
-104
300
240
186
300
-250
300
8
-246
80
178
298
-4
292
204
300
8
300
18
-50
286
300
-198
300
300
-124
-206
-222
244
-120
90
-4
166
300
6
-42
296
-136
-116
200
222
-266
-96
206
122
106
300
240
300
-170
-22
224
210
164
156
298
-64
178
300
100
300
-206
258
-62
300
60
56
-192
156
92
-148
294
40
-230
38
-284
296
294
94
-70
296
-162
198
-132
120
300
-102
-140
-134
152
300
186
152
-18
20
300
-206
6
224
294
-48
300
218
232
230
300
190
-190
300
300
-112
292
-170
238
10
164
194
36
-190
104
-220
-162
80
22
186
192
276
252
282
-136
-122
118
-96
-208
126
300
274
0
12
94
38
300
98
192
-92
-138
30
80
300
-58
140
254
-8
296
294
-12
-64
236
-136
282
-42
244
148
276
4
-146
238
98
-182
-242
52
22
-102
300
-230
-4
300
-8
34
-126
-6
44
-96
286
300
-12
202
286
-8
290
-94
-34
-172
258
-128
196
244
14
300
42
-180
300
-122
-74
-86
-60
-64
30
-264
0
-244
300
254
-180
50
290
-270
202
-136
-34
-24
-100
298
132
10
-52
-60
230
-168
-46
250
-222
298
262
90
-24
-156
-120
300
-196
-146
218
300
90
-82
300
-56
192
124
-118
-194
300
-4
286
300
-30
186
76
192
18
20
16
284
300
50
-154
300
-48
22
114
-62
-158
300
300
-120
-72
216
-152
-134
-226
-6
-132
30
-24
276
112
300
-76
6
-62
-74
200
106
-40
110
124
34
102
300
300
144
66
50
300
282
200
-134
298
44
-136
156
-74
-132
-98
278
66
-166
172
300
286
108
-228
-216
-156
204
300
-66
-256
-132
68
300
88
266
246
294
-128
-124
-66
30
-34
-234
-80
-44
26
194
24
-28
-104
-124
-158
-252
226
174
136
-78
-62
300
112
-184
300
-54
-212
34
300
-142
-114
284
-104
282
10
114
-146
96
-98
-262
300
16
300
-134
48
252
-6
190
-24
300
204
-78
300
216
286
-38
300
300
54
-10
266
82
-206
26
-14
-156
300
-224
-120
102
0
-78
-14
-160
-100
194
58
-126
300
124
-110
34
40
176
146
-224
-72
-14
10
-80
48
-158
128
200
286
142
-130
60
166
-108
300
-156
72
162
2
-260
22
210
-26
114
300
204
300
-54
192
-136
-162
-34
94
280
-106
-96
138
270
262
294
-2
82
88
-198
-290
-224
-42
212
84
-24
180
-152
-126
28
-60
140
300
92
12
300
168
-158
98
-46
12
4
236
-122
-98
186
184
300
20
52
-44
212
80
300
6
138
300
-100
290
-158
210
254
74
24
216
86
-160
-130
84
-52
-60
62
2
-42
300
42
-190
16
298
-190
24
-176
240
300
294
-48
48
264
214
96
196
-166
28
288
-98
12
66
16
300
126
68
-42
-150
-76
40
98
-40
48
36
94
-96
300
90
294
238
110
160
-132
240
-62
-88
216
280
-26
300
114
-114
300
156
-30
108
-172
64
290
-114
60
-90
-12
300
282
-26
-10
50
180
300
-28
202
294
-174
-172
280
0
110
26
34
286
32
58
-76
-166
10
28
-188
-96
-140
72
24
-62
100
-10
242
-8
52
-18
212
-28
296
166
-102
-14
298
244
96
100
68
-274
-10
300
288
56
-30
176
210
246
188
-154
290
300
202
284
-60
114
298
-120
-136
-62
204
16
66
-176
300
122
-88
-62
272
-110
-116
-178
148
168
300
-122
-14
-240
-122
156
178
300
-194
-148
4
-30
284
-144
300
2
138
-52
70
50
-132
166
-166
28
-260
-64
-134
300
-22
300
-10
104
-124
298
-42
40
218
36
-154
0
300
-74
-112
-156
142
-88
-22
262
-102
-186
266
64
222
12
-92
-182
194
-204
36
188
174
-150
64
-42
300
36
274
252
68
-152
204
300
-94
-54
106
60
52
-114
176
-130
126
300
-56
206
140
256
-84
-46
-2
-126
268
-140
-76
-40
122
98
244
232
-10
300
-48
-102
122
272
212
300
84
300
300
300
154
276
300
262
-40
2
22
-164
266
-194
294
-194
16
300
78
160
16
-42
-224
-220
214
-218
164
300
24
158
-24
170
156
300
142
82
300
120
116
44
-92
256
-158
-118
52
20
-48
-80
290
-242
124
298
-74
298
-76
78
-8
-4
-176
162
288
-136
-10
300
96
190
300
294
92
-200
-72
22
288
-102
254
150
-90
264
282
212
156
22
14
92
-52
-154
-60
28
300
-16
-138
14
36
-146
250
-122
-20
300
292
-168
298
78
-18
54
16
-126
-34
34
-206
-50
-110
-116
280
-78
236
-172
64
92
184
-154
300
-32
190
-230
32
0
300
140
172
46
-204
-22
300
-104
54
30
280
-8
300
106
176
272
-180
74
300
-6
-38
-124
-76
-84
-280
300
6
-22
4
58
96
300
208
294
276
-84
176
126
82
-188
-194
-74
-10
276
-80
-172
-120
-288
294
94
-68
-132
-8
-100
116
-138
250
132
24
-168
98
-124
-112
-202
232
-104
268
20
300
234
-204
266
206
-150
-168
110
296
74
300
74
-186
300
58
-114
224
300
56
-134
172
300
2
260
84
-82
-144
-264
76
-20
172
-30
-12
72
44
146
-70
72
-48
-64
76
54
-46
-236
-56
144
-252
294
-36
-26
-40
112
-138
300
-180
106
212
-50
-42
-44
-210
-128
80
74
108
272
-50
-60
116
124
-78
80
178
232
-28
-174
-94
222
-228
-234
20
-60
-142
-180
72
148
292
-180
-156
6
-2
292
270
136
300
210
-170
96
216
300
4
300
300
292
-116
300
142
-20
-160
250
2
8
116
70
184
100
156
-148
158
298
90
220
166
-238
282
238
-70
118
-68
-46
300
-66
-144
-144
16
-224
292
-190
248
-154
272
-88
-46
-28
-238
24
-178
-210
220
120
292
-26
-4
-38
300
300
212
-52
100
-152
-202
-12
294
294
206
-106
-38
-46
14
216
54
-182
36
300
-20
32
-194
184
-126
294
110
292
292
-132
274
50
298
298
-44
300
32
300
-214
118
186
-58
244
-74
68
-22
56
68
158
292
270
-144
194
-46
110
300
-140
174
132
-108
-130
106
238
54
186
296
104
-38
256
196
218
230
278
270
300
300
256
294
-130
-214
-14
50
18
300
268
102
154
70
300
20
98
276
144
36
-100
-146
118
300
300
104
228
232
-86
300
144
-64
62
300
290
170
-100
130
-38
-208
60
-120
258
-146
300
54
228
-44
150
274
-20
294
-160
-96
190
-54
-206
-224
28
-142
-186
300
-100
106
296
116
252
-28
166
300
208
82
-164
6
-256
300
-10
12
-166
-92
-108
-70
298
300
-88
280
64
-134
-196
-184
-122
-14
-142
-80
104
-46
300
300
268
-98
274
300
256
300
26
24
90
296
102
88
90
232
-182
198
298
-8
10
14
300
-216
-28
-100
-136
228
-66
-118
-180
6
202
134
-194
194
232
122
300
110
-256
-288
300
172
-174
268
296
-134
-62
70
-124
50
300
0
300
234
-90
218
-136
44
290
14
200
174
-108
10
148
-106
104
206
294
298
-204
300
-134
94
-102
98
-188
226
112
-82
268
294
-46
-110
34
-60
120
-160
-140
-52
-14
-56
36
-68
0
300
-80
-22
36
36
-12
-194
76
-200
300
-116
290
122
-138
154
260
128
-22
284
-152
18
186
300
236
300
116
22
300
300
296
86
100
6
-104
300
300
172
72
-46
-80
-82
-164
-226
-160
-126
-24
-174
294
244
72
-234
52
26
-102
32
300
300
-100
-110
-94
-206
-86
78
298
194
-126
-102
-140
-212
-284
-8
274
-192
-142
-200
300
298
112
262
-22
-140
128
300
-194
-236
294
82
-26
-184
232
-8
120
278
-154
190
300
114
96
46
-230
238
100
-134
140
-184
-28
-84
184
-72
300
-96
300
-214
-54
182
252
294
-158
192
260
20
274
-158
284
34
136
-56
150
56
106
14
216
180
48
-66
-226
-66
106
204
300
82
192
212
-170
300
-156
300
126
6
290
102
-160
-44
38
50
152
-120
-62
-232
24
194
144
-132
148
300
-54
300
-82
214
30
90
-48
56
-88
-124
-158
-178
134
-76
-132
262
-2
242
-186
292
-24
-84
300
254
22
-234
246
-106
112
178
-164
-156
146
76
-176
-248
-78
292
-258
14
104
-150
162
-180
-10
-8
-42
264
-288
148
-152
-12
214
150
294
294
22
256
-52
-150
300
42
300
-96
98
-242
184
298
-242
-140
-36
-70
300
300
296
70
-10
294
-36
-46
-178
206
-152
-82
80
-20
134
28
300
-238
160
232
120
-96
-148
220
-62
188
208
290
300
88
-80
-6
134
114
300
172
300
288
30
-192
292
134
298
10
292
-120
124
250
300
216
276
-112
-176
300
246
136
-22
128
298
96
-120
-6
-250
-50
56
252
-180
-34
74
68
10
154
-34
-190
-136
-44
188
-132
252
-122
-60
-96
188
-154
58
-66
46
286
-186
-48
208
300
6
68
300
-90
-22
36
74
-110
298
284
-46
-78
92
264
300
-108
-32
198
-2
298
-62
258
16
216
242
-56
-48
-62
278
88
300
98
-214
-76
282
-100
204
300
-16
-122
-126
152
-12
-60
218
104
-94
-86
-88
250
250
104
-174
-24
104
-226
154
300
180
-46
300
-230
-42
-108
120
-112
74
-116
284
-130
108
-138
-126
-174
-16
-222
24
88
-224
-90
-82
246
-170
240
300
46
-54
160
22
272
284
-110
194
-178
152
-68
-72
300
100
300
122
-30
-66
300
-26
-60
-82
6
296
100
244
-256
-130
52
244
260
296
298
32
300
14
-134
-186
-108
300
-28
276
16
300
-132
-60
-24
44
194
300
284
-206
-170
190
-116
54
136
140
140
-84
-156
190
216
-150
300
64
-30
282
300
136
300
-46
-22
282
180
-88
-204
128
-150
-6
268
-134
228
192
256
72
-182
-104
12
-44
24
214
-82
-164
100
-94
64
10
268
26
-80
-110
26
-202
-50
-74
184
-128
70
-50
294
-64
222
-72
-200
-104
300
-18
288
2
96
300
296
170
300
-142
300
-90
-32
-202
248
14
34
70
206
-184
108
136
210
-210
-288
146
258
18
204
-56
300
-134
-54
106
120
-46
-84
-184
-216
-52
300
300
238
100
-98
-300
-18
300
-40
40
-92
78
224
-22
52
-226
48
52
156
72
230
300
-46
244
136
-184
-174
34
196
-90
152
300
134
-152
-178
-46
128
92
-122
54
232
128
272
300
172
-108
-244
268
-10
-86
262
-138
22
6
-74
184
-90
8
-114
300
-130
300
82
124
30
-74
-150
146
-186
-74
-108
144
26
-104
-196
-84
-214
-196
-58
-66
300
300
-32
194
-166
-76
-128
174
22
-232
280
298
-30
-46
216
294
-18
-202
-208
20
-182
-22
-108
264
-44
-258
-88
-88
-300
300
298
-182
48
298
118
98
-8
300
298
154
-128
22
300
-26
-4
-74
-148
-46
-10
294
-86
-92
-58
-276
102
40
-6
300
234
-106
-162
-124
268
38
290
300
-116
-236
-82
0
-146
74
-178
294
292
-72
14
116
-98
118
156
40
298
-82
-4
10
76
12
300
-84
236
296
156
96
172
172
298
-160
-140
14
-278
300
300
256
-136
-160
-144
158
206
32
232
4
300
110
200
-82
64
102
290
-164
98
286
286
-144
14
-22
300
32
122
74
-94
156
-204
-10
256
-66
-174
122
206
-220
-92
244
264
30
-214
300
278
300
-40
242
14
288
298
12
252
-202
280
-26
-192
116
172
-58
4
106
300
56
28
-16
152
-4
-66
94
300
-32
300
294
36
-8
-98
-50
-194
-24
-28
116
-16
206
296
248
-210
232
-108
-60
300
-82
300
68
-112
-44
136
-36
86
300
-206
-196
-154
10
-102
-54
-76
14
-88
-90
140
64
100
-90
290
222
-140
300
300
172
-148
-90
300
-164
134
294
-212
300
2
300
48
224
300
-130
300
-92
-12
300
56
84
52
-36
-132
292
-242
270
150
174
-152
64
10
-252
-110
294
296
-164
280
172
140
-74
52
6
246
256
300
24
2
-30
34
-214
-62
-208
94
-138
-96
300
94
160
-58
300
-164
-52
258
128
-170
42
180
300
272
112
-132
-88
300
86
300
98
-274
16
244
-30
300
228
-60
124
-220
-218
124
-208
260
-160
204
-132
300
120
300
-204
68
12
98
0
78
300
200
-146
290
-244
46
-186
-132
-66
236
54
-10
-62
-2
160
298
88
244
196
-172
-84
-150
-200
88
44
180
284
-78
-26
114
-214
300
-4
230
300
-202
300
44
-162
-26
146
276
290
158
300
22
-32
-172
6
-42
14
300
294
-42
-56
-20
34
300
-154
230
300
288
28
-18
-136
24
-232
-26
-92
300
254
-90
-28
174
272
-100
136
-226
-224
108
-270
-28
-12
108
-194
132
-88
300
-172
80
138
234
296
14
-80
166
-2
122
-126
244
-118
6
-122
-18
0
-220
238
176
-72
62
142
298
-184
18
40
-86
-114
-106
290
222
-84
-260
-68
-50
300
-204
-88
-4
114
-120
300
-280
28
292
-38
224
230
198
18
-34
-106
40
282
-184
294
-114
298
300
158
-214
170
82
268
178
-94
62
138
0
-202
48
-112
150
-92
72
294
14
220
22
-52
-14
-48
298
-22
-100
-62
74
104
292
290
162
286
300
-186
118
-26
146
-222
-100
-62
-136
-70
268
60
190
0
-74
210
190
110
-26
104
-66
-16
-126
-154
90
-74
10
2
-150
300
-142
-124
250
190
280
-140
170
218
266
262
70
-222
158
274
194
258
82
258
-12
246
234
-150
-216
300
-40
-108
-56
174
-40
-74
152
278
-212
274
108
-78
-42
252
-2
254
300
262
-8
-32
-202
-102
-18
274
224
300
4
-218
300
276
246
-150
-222
-98
300
98
-190
-126
-160
286
146
282
-138
-52
-238
-68
136
164
-248
60
236
118
224
174
-168
126
48
-2
-210
118
-96
-74
64
-94
20
82
-136
210
298
-50
56
244
-44
-40
-176
300
-206
40
-250
70
112
-190
154
300
294
-174
162
88
-38
-242
300
-108
116
194
198
272
-158
-168
300
-168
296
150
24
-182
174
-90
262
82
232
300
108
296
282
-58
78
74
-40
48
264
-84
-6
30
288
122
258
98
-10
226
-74
-142
214
-126
284
288
162
300
-68
-138
-240
-28
188
270
124
-168
-150
-12
70
292
-66
86
-52
300
-56
-114
-30
100
198
60
90
-8
-150
-190
32
2
-48
280
62
-56
300
-116
-56
-226
-94
224
-150
226
-188
202
-54
46
-30
162
100
-168
120
294
-118
70
-78
268
-12
284
300
88
294
300
16
-8
300
-114
8
18
164
24
300
300
296
152
300
-150
-90
-42
116
-116
300
-50
252
278
120
56
300
2
170
194
-54
-82
-40
232
-78
6
-8
144
12
-106
-196
100
300
300
70
80
188
240
194
300
-110
300
196
-34
-60
-8
154
174
118
172
84
-204
76
188
-216
-118
-212
300
300
140
-162
184
300
-80
-202
-160
300
230
-88
300
218
-28
190
-20
-16
300
-132
12
194
300
-242
244
228
164
252
300
-190
294
-136
294
300
236
172
-36
276
-26
-56
300
-104
196
256
-114
-10
-30
22
-112
12
-16
134
-4
300
88
300
18
-218
84
26
92
-58
-8
300
-116
4
300
296
234
202
-54
28
300
-46
218
72
-238
106
-122
-96
300
-36
126
-16
276
-12
-120
-146
186
-158
10
52
-148
300
68
-120
32
-120
-100
-98
-20
186
-50
-64
-4
-114
-166
-56
300
114
-102
-132
152
300
18
-36
78
298
244
192
-10
300
192
-62
-100
40
260
-148
106
102
-228
294
90
300
260
-126
-90
-226
32
18
-36
24
-204
30
-80
80
24
-128
74
-230
-160
-2
282
200
278
-192
-104
300
24
294
300
-156
112
-204
232
296
72
-90
-40
30
-88
-122
300
-128
-182
-162
146
22
72
134
-218
300
-134
298
-92
-18
-54
300
254
136
-110
-270
84
300
286
28
258
116
-22
212
42
10
-194
-278
300
-254
248
36
-128
-128
-74
262
56
-198
-174
264
176
-22
-36
-92
214
-98
-28
284
-112
20
-114
80
10
244
186
290
260
300
276
-48
246
300
300
-2
128
-36
300
112
-72
-14
272
300
-58
-110
-150
234
-52
-72
-242
134
-122
82
-62
68
286
242
-56
-136
-62
268
296
298
-158
-8
122
300
172
-110
284
300
140
-70
300
-28
238
-252
112
-128
220
-210
80
162
170
-6
-116
160
-46
184
-126
52
68
20
-4
288
-120
148
-212
-108
10
158
300
-54
-188
300
-48
248
-174
-122
-66
262
-208
-98
-158
-54
208
-218
242
300
-150
-188
140
-110
-32
164
-16
-158
-70
146
-60
-136
140
12
214
120
118
-182
-236
300
-100
200
300
-136
-66
-116
240
192
110
-50
300
300
18
170
42
-130
-50
-78
168
40
34
66
142
62
142
-164
238
-240
268
28
112
-90
-32
60
150
138
56
196
28
132
-22
284
-134
212
260
300
108
-232
40
-4
-22
152
-8
52
180
-120
-12
-6
-30
-228
282
-52
74
-110
-98
298
94
166
-24
178
300
48
290
268
-234
300
-66
70
196
296
28
-172
298
278
168
-142
-120
-4
-168
226
32
296
-58
-100
56
100
256
32
-170
-132
-48
-116
296
92
14
292
-124
300
198
300
94
262
156
300
298
132
82
90
282
296
-124
16
300
88
-120
202
266
-110
32
300
-4
-30
298
188
-52
52
268
242
-166
102
-166
256
-96
110
46
300
-2
82
-146
-72
-126
208
286
-146
300
122
172
-2
-246
270
-178
-110
-278
62
-28
-150
-114
290
112
80
-216
230
60
284
178
164
-4
-96
-182
-158
300
288
284
300
18
-172
-108
-156
296
300
300
36
-132
-56
-218
246
112
74
124
42
-80
-68
300
296
-74
298
98
172
-76
260
-74
160
0
-244
-154
-162
48
-32
300
14
-168
226
0
-36
158
286
-40
120
66
-158
-144
288
250
92
72
254
244
206
-22
276
300
300
-136
-78
-64
260
-8
266
228
-16
300
166
-144
-6
-196
-158
126
174
122
-104
234
136
-204
166
118
294
-180
30
300
-148
-48
-278
28
292
300
298
300
94
200
210
182
92
14
50
100
248
294
300
300
300
36
80
-274
-230
-224
-54
216
-68
-232
50
-18
44
-154
300
-184
-114
32
256
174
12
66
104
76
300
300
300
300
184
-28
138
-154
120
2
296
34
232
-132
26
270
-30
114
-36
-78
2
-64
-184
-72
278
-124
-142
30
-36
300
286
300
268
294
-124
132
126
216
154
296
-200
-10
290
264
204
298
40
-142
-64
174
-106
-116
-154
-222
278
220
146
60
72
162
168
300
296
300
-214
8
-34
-18
94
158
36
112
182
-142
-88
14
-56
-94
164
184
84
38
274
-128
-44
-180
254
-40
-56
-156
-76
100
-80
196
300
182
-68
216
-68
286
104
154
46
76
20
-46
38
-60
-158
-26
300
218
132
254
124
36
238
206
300
-68
2
86
296
-232
-148
-154
108
-62
30
276
-52
300
262
292
-136
260
-84
300
-64
300
-126
284
-246
298
144
-182
72
-168
-244
300
6
-20
226
56
226
-230
72
-62
-64
-166
40
10
-222
-28
138
248
218
82
28
106
264
280
300
-208
52
284
-80
-62
-28
-64
-140
-72
-92
136
2
-22
-222
-178
-70
-140
-8
260
152
86
-32
-176
80
-60
54
190
52
-162
-86
-42
72
-50
296
-62
-34
26
300
-34
-130
-124
288
296
26
300
-132
120
-48
254
300
150
300
-118
152
300
-30
36
-146
-282
68
206
-74
-258
-196
58
-136
172
-22
-174
186
296
2
-188
-266
-104
-2
300
132
-76
0
-76
-162
-120
196
-114
12
-124
-238
-46
-24
-106
172
300
-78
-160
226
-184
-244
-198
270
-212
54
-162
-208
-82
124
-4
-190
42
-140
2
46
94
-86
300
158
-36
242
148
-172
286
-88
182
-182
72
234
-36
10
-120
-56
278
46
284
-86
164
112
222
46
-158
-158
-116
166
-70
128
234
296
74
52
-4
234
300
300
244
194
74
90
48
138
-14
-196
264
-56
-150
244
-146
14
176
-60
-42
254
286
-68
300
-150
-26
292
-24
-128
92
244
122
100
206
284
-122
-150
-46
-106
-194
298
6
-254
92
170
296
-114
280
-196
66
118
-124
-98
160
290
272
-134
-90
74
288
-168
-106
44
80
300
-256
96
104
42
234
134
-116
298
94
-202
60
-8
-62
282
134
-28
-226
282
298
-130
120
52
-198
-132
300
228
290
78
-80
-84
280
20
148
-112
-4
2
70
128
-142
258
38
108
104
292
56
-48
-24
276
-72
300
-58
76
-264
-102
116
2
-132
300
-70
-206
12
-58
28
62
82
-46
20
300
-56
-60
80
224
-82
-168
-120
202
116
300
-116
36
220
-226
-120
300
116
-64
-192
-172
20
118
-98
-36
-192
200
-12
4
76
-238
8
50
300
280
-94
222
66
150
-206
-140
18
64
300
-128
-18
300
-116
56
44
106
192
-164
-70
286
72
194
236
290
-216
-4
44
-132
-146
282
-44
-146
276
-76
-138
300
298
178
-190
140
-16
66
174
136
-34
-262
-46
52
72
78
100
32
-174
-82
288
-56
-122
-36
-16
76
106
-234
300
300
132
232
-106
300
266
-108
-136
38
-202
-144
4
-174
10
300
20
-62
-64
300
-90
-124
300
264
20
300
-8
-6
52
146
-284
190
-2
224
170
298
120
-42
272
-66
-118
-32
-2
-114
-214
300
300
-160
36
196
38
300
-184
50
38
-134
-24
10
-20
42
-162
296
-46
192
-232
300
76
74
36
192
242
80
-118
290
-116
136
-118
26
92
96
-4
264
-40
300
118
128
228
58
296
300
-92
278
300
12
-168
-80
298
300
288
162
-52
14
296
40
-170
-256
134
-92
106
-74
-40
6
-14
-30
294
238
-194
74
46
98
48
-188
300
268
-184
300
286
300
-32
-170
36
82
156
-158
-6
-72
-2
284
56
300
46
-198
-216
278
286
144
258
120
-40
-86
14
300
6
42
42
4
58
296
106
252
96
92
-232
298
288
300
-30
-68
278
-24
300
-14
36
36
138
78
-130
-112
300
66
16
26
-8
284
-114
264
118
-86
-110
-128
298
-62
48
-42
0
-6
-228
14
46
278
-170
300
-172
190
86
30
232
34
200
-22
-224
120
180
300
298
200
-116
-70
64
300
-62
300
-80
-110
-16
-146
298
42
-138
90
200
278
36
194
48
66
280
270
-164
296
284
-122
162
-28
-42
292
300
298
300
-226
-8
-162
-66
-140
158
-18
14
-26
136
-172
-130
298
-66
-188
100
-18
136
-70
2
300
-146
238
-106
26
140
100
234
-62
-228
-130
-50
-46
296
298
-40
-166
246
234
-14
-36
-32
300
-32
-26
42
-112
42
298
-104
294
72
292
276
-86
134
168
-76
-96
-154
-180
-166
-176
154
108
-174
176
-84
94
-238
-126
-232
-264
164
216
300
42
62
268
294
172
96
2
-122
66
-48
272
186
300
-280
-40
160
-122
220
116
172
28
-64
42
-142
-180
300
300
68
-124
300
162
98
-34
256
-80
-188
-286
-220
10
-188
-10
94
-254
-26
296
-194
-226
16
264
-150
-184
-222
-34
298
14
156
-38
-122
-204
158
-70
-116
-136
-2
300
190
24
56
92
260
300
300
-56
86
38
300
298
-110
300
-70
96
-152
-16
270
-126
300
98
-122
166
-126
54
-206
-194
-32
192
-108
52
-182
280
216
300
188
-44
142
120
148
-150
-144
164
-16
-104
-78
78
170
8
24
-54
-80
98
-186
-26
-34
148
-98
-118
-78
92
108
300
-98
300
-100
300
-54
216
-100
218
4
-66
-122
122
124
94
300
20
-178
54
20
184
166
186
288
148
-24
96
300
100
-132
-162
220
-114
244
300
234
80
280
288
134
60
112
-118
-256
250
-148
300
-126
14
256
298
216
-164
296
36
-206
114
146
-40
290
-92
204
-106
4
120
290
208
298
-66
-14
54
-254
-122
-78
-116
76
272
216
300
300
26
-44
200
294
-296
-248
-130
-186
-116
-166
300
300
-150
6
86
106
-94
-84
298
-276
-104
300
-48
-168
28
-92
8
-176
-82
-26
-80
26
214
28
-196
248
-84
40
174
122
-96
206
-152
166
-68
-144
-186
-70
48
280
256
-46
38
-112
254
212
300
-186
-170
-100
-166
92
-234
78
226
-94
-34
300
-16
46
-72
-170
218
54
168
-34
78
30
236
62
-122
260
226
-46
-168
298
240
300
-210
-30
-176
-82
300
300
298
-50
148
136
-252
300
202
262
-170
-104
-156
-54
300
-2
212
-152
176
230
24
66
-204
300
-16
258
300
130
-136
36
300
240
284
-10
50
-116
-136
-34
210
-74
116
0
-10
106
162
-170
186
-138
300
-24
-278
224
298
146
122
288
22
58
300
134
176
288
282
292
46
290
42
178
-96
192
82
-210
-34
-80
296
300
138
276
300
300
16
180
152
-68
294
148
-208
160
-38
-200
140
-4
-18
106
126
-118
78
300
116
298
108
62
-130
-44
-128
300
234
298
138
156
206
18
14
298
-34
-280
-174
224
-172
56
278
116
84
264
134
174
268
-28
174
214
140
-134
-164
118
-204
-244
-132
-14
-66
272
-240
300
22
90
132
168
10
120
70
-130
272
-106
232
-216
-244
30
14
-60
-116
264
300
-120
-80
122
-42
-22
286
80
224
-62
-112
-242
20
-162
-50
32
158
-36
6
224
164
156
-196
-6
8
200
-162
300
60
102
116
-36
-26
142
90
-28
300
182
-142
-182
-98
-106
-140
262
-82
-220
300
16
8
-212
-154
-54
148
300
-100
-162
-184
-114
76
300
28
74
256
300
-38
-212
292
300
294
-76
112
-48
104
24
-22
-148
-24
-72
56
254
18
-168
284
228
36
300
122
56
300
52
98
-244
300
-204
4
300
140
216
-6
-2
-206
184
186
-82
-84
-130
-48
176
0
300
288
-152
278
300
300
124
172
52
-18
-78
-148
226
270
-222
30
190
54
84
222
254
296
-148
-182
60
300
-12
156
240
114
288
24
300
58
220
-234
182
216
300
-112
-72
110
-110
-2
148
-86
-30
300
-170
232
148
-236
196
-160
300
-204
82
258
298
-42
172
150
142
218
292
84
-106
176
-76
-80
38
112
-76
284
96
66
142
288
248
-10
80
162
90
286
176
176
-140
84
102
-242
296
300
184
-28
104
-32
-88
98
282
-78
58
226
262
-202
114
298
24
-78
-164
-24
274
-236
176
194
128
-72
58
90
298
300
-134
298
-36
-220
-164
6
-64
300
202
272
298
-52
-240
300
-22
280
114
250
24
-128
264
300
282
156
-290
-200
-192
300
-224
120
-242
276
116
154
188
300
-174
48
-100
-32
296
14
20
228
-28
-114
262
210
300
18
-152
280
300
102
-268
268
184
174
296
6
300
-198
290
-24
-100
-198
300
16
150
-58
300
300
-34
-184
300
-142
-64
144
-8
242
-80
270
6
76
-76
-76
16
266
-200
24
-210
-150
-46
196
284
-196
300
-60
300
298
-274
-176
124
-192
206
-58
-294
300
-80
-108
42
24
20
-54
126
274
86
290
60
-78
50
300
-118
300
-28
14
-34
234
30
26
300
290
52
-74
74
-124
8
294
172
-72
28
-58
170
224
84
-164
94
230
-114
-72
142
176
8
190
-98
-40
-152
190
260
300
238
-70
-198
264
-38
234
-70
-120
-236
62
-60
136
300
198
-196
224
-60
228
-214
122
-84
-106
-142
22
-196
286
-36
246
296
252
54
90
-86
300
-100
4
14
-26
-82
300
-176
300
296
270
-192
-92
98
-130
168
-188
30
252
66
300
-212
288
300
134
154
-250
280
132
-74
-226
300
84
280
196
88
44
220
-298
12
166
20
66
116
120
-128
-28
-24
70
58
-140
-142
-262
-36
122
120
-126
176
98
300
28
186
292
-92
68
300
70
300
-70
4
-186
-118
82
-126
108
-26
266
-16
230
258
-144
-64
296
-82
150
114
80
-72
94
278
300
-202
176
-138
-198
112
290
-112
-130
4
-142
242
-92
-214
2
-108
292
-4
300
26
-144
300
244
-218
166
-56
298
-168
300
-20
-54
298
232
98
-42
-252
298
300
16
300
250
-118
294
38
56
-216
156
-18
-62
146
-60
-22
138
-10
-208
102
90
108
-206
-130
72
-196
-236
84
200
40
-180
-130
-24
284
276
-158
-30
8
106
300
280
288
-156
-124
-196
226
44
172
-36
300
300
204
148
180
-12
66
-206
78
292
194
282
-210
22
-6
14
-32
26
276
246
300
-162
196
172
298
-98
-168
220
-94
-134
-208
-8
-92
58
-154
-50
224
300
136
300
-98
66
-202
-92
300
300
-58
278
300
-212
-152
-96
112
160
-154
300
296
-88
-148
-2
-66
60
0
300
-32
-168
104
122
286
296
184
80
212
206
-138
300
-110
244
-6
108
300
44
300
58
270
50
272
-62
172
118
-146
-58
188
-80
-200
-20
-172
-50
300
-162
300
-202
272
-170
218
244
256
-6
-164
-38
8
-212
2
138
64
96
-138
104
250
-8
300
-106
106
298
-194
48
296
-122
10
78
194
198
298
-70
-244
-84
-172
-146
-214
300
-52
-170
300
268
296
172
-16
296
64
-220
200
88
40
68
-34
258
128
208
-164
-54
-94
174
66
258
-218
-158
150
294
100
218
14
-4
52
300
-6
-126
300
136
216
50
-142
-62
-56
-88
-36
34
206
130
-174
50
-144
280
-4
-100
300
-156
244
-98
286
-192
270
-122
300
286
290
14
292
-208
284
172
-202
190
-116
-30
300
-60
-52
-18
-44
296
54
-188
-86
-28
300
262
-68
52
-48
284
182
-78
0
-208
158
-96
260
-124
292
-128
-50
84
-204
-68
-62
254
-164
296
220
-274
-108
180
-180
100
300
34
-116
88
-86
-50
184
300
-68
230
-52
-156
60
284
-118
46
-152
-96
-40
292
-216
-116
242
72
212
-280
-76
-26
-114
4
150
-22
166
298
-130
-34
300
42
-84
228
30
258
-30
102
-106
32
296
-130
-78
76
-146
32
300
292
108
-68
-20
14
198
200
290
92
-250
52
56
-42
300
300
-92
194
-144
-26
-220
-32
300
-158
-96
300
300
-202
-140
188
-134
78
112
-20
82
268
114
-116
70
130
294
-224
-178
-60
-24
300
-24
-194
-60
48
290
-52
118
-76
-76
-124
286
-8
56
-230
-166
-144
-106
-8
132
-34
-60
28
256
84
-134
188
300
300
300
58
120
-4
-44
-102
222
282
2
300
212
300
-240
300
232
-146
-118
16
222
286
158
56
-122
262
34
4
84
300
50
280
298
-206
282
300
218
58
300
20
-84
-134
176
296
130
-126
-96
-12
210
48
34
290
278
-14
-2
246
300
264
-218
160
260
-10
-54
-98
-10
-260
188
-164
38
246
-170
-184
-82
64
214
-188
88
242
172
-32
218
-6
298
-46
58
-164
102
-202
300
90
-106
-248
60
20
66
-86
-8
138
300
300
-204
-214
-12
-36
74
300
-198
48
-208
-176
-112
-2
-172
-86
-64
184
-136
266
300
278
300
14
228
18
54
300
300
-114
14
42
82
-4
300
294
-20
-16
300
266
-98
-142
-8
-56
240
276
-144
284
300
-66
216
-12
90
298
-164
256
-86
-82
-8
230
138
280
294
-14
-162
140
298
80
-6
202
300
126
-6
300
-26
-56
-186
268
50
-10
-14
90
300
94
-234
208
136
-204
-62
300
238
-172
-258
-64
76
60
300
-38
72
8
144
-220
138
-122
300
300
300
122
-90
152
82
80
4
-268
300
86
116
72
186
-6
228
160
300
248
270
-174
-112
208
-282
72
-14
268
244
94
84
90
-72
36
230
-130
300
-20
-118
48
300
10
-180
58
34
202
136
250
-124
-154
288
300
300
6
262
-112
-220
16
278
300
-202
300
-202
-96
232
-48
-138
-190
-136
300
300
270
64
300
300
-24
-154
298
-204
-64
300
140
288
-62
184
270
-36
-108
212
-54
58
-168
-122
-236
-8
62
234
-52
258
-42
-38
286
-126
-196
300
-16
286
-186
-176
-86
300
100
-14
-56
216
58
254
-34
166
176
270
16
-104
60
162
-116
90
108
198
156
300
-102
206
284
-86
110
106
-102
16
300
32
-98
-20
-196
-210
-4
268
60
150
-138
124
138
198
-196
298
-262
90
-196
-58
-4
-40
-46
98
-32
296
-280
296
42
284
164
8
-40
22
-74
-20
272
-172
-28
-18
-184
292
130
34
298
-238
134
272
-38
-66
48
14
176
238
26
-86
268
-74
116
-62
218
-150
300
-8
-198
-60
-140
104
184
66
6
148
-172
144
26
88
204
44
-120
300
-160
-80
-24
298
-268
-204
-82
300
-52
-152
100
-68
300
-4
14
-98
300
-26
-68
300
300
300
-106
256
234
134
126
-150
224
12
102
-20
-204
-98
-166
300
-86
-166
114
300
-82
-94
-30
-216
98
-140
194
66
298
-4
-66
300
-32
272
-46
126
50
-90
-120
36
72
-272
-202
300
112
-250
-80
-36
268
-50
300
140
-28
-6
144
234
92
-58
184
-196
-74
292
6
78
128
276
-202
-160
22
222
-142
300
300
114
-64
-4
14
276
-202
252
172
-218
8
22
34
-144
196
172
-294
126
-50
-186
300
-96
266
100
-212
10
268
-200
266
-60
-78
128
-140
230
16
102
112
136
300
48
190
208
-88
-72
-10
80
58
290
246
300
300
-76
6
110
300
300
10
16
-136
-144
300
294
-210
-44
192
128
76
-14
64
-16
62
-104
-88
262
300
-102
300
-98
-102
-218
282
8
-72
232
-50
232
300
170
-30
-68
122
-100
276
-76
-124
-186
300
66
-64
152
-108
-240
98
-182
144
188
-20
72
216
44
-156
-118
20
8
92
-60
-42
118
176
-166
300
98
94
2
160
-160
46
300
-12
84
-78
12
256
-96
254
60
-100
298
-130
16
290
142
132
-2
62
-54
-26
48
-270
278
62
-130
168
136
298
-98
10
234
-124
128
196
-58
286
250
148
-140
-64
-104
108
262
296
18
46
-104
-228
200
-72
-176
24
300
-164
150
26
-192
-8
300
272
230
64
294
-260
-164
214
262
-138
300
188
114
290
-110
282
-130
-104
-172
-96
58
28
-114
300
-178
-108
224
240
-236
300
-218
-12
-126
284
208
-132
24
300
256
18
300
290
-16
300
-152
-4
-52
262
-38
-142
46
-126
-128
264
-34
-286
-134
-2
76
298
-192
76
-158
300
-160
42
240
210
258
126
166
-114
-60
-32
68
296
-216
288
-34
-230
-184
214
-10
296
-56
-218
152
142
114
252
48
-182
246
-190
-140
-170
-74
94
-42
-96
-272
300
292
-118
-122
-42
102
68
-142
300
88
50
60
50
-210
286
142
-2
222
-232
-8
288
-92
136
-170
-124
-240
300
-210
206
194
236
82
204
300
-72
298
300
162
300
-142
266
144
300
-68
300
-88
56
300
300
-80
-282
-14
276
-142
258
-92
-174
298
138
38
300
300
-152
178
102
96
298
60
112
-54
-4
212
292
296
288
-34
-98
174
-18
300
-196
286
4
26
-24
270
-102
174
300
4
110
6
146
300
-42
294
-136
-120
88
-78
-10
280
-48
-236
232
-172
-36
224
-90
40
-84
-18
-136
-36
-38
60
234
224
-162
178
-166
-140
276
278
90
106
146
-42
-196
300
186
300
-48
-144
296
272
-26
-298
-112
80
300
-222
128
238
232
-10
298
26
-34
-16
6
94
-50
204
-104
-8
-166
-140
300
204
-278
-120
226
-136
300
-66
-30
276
98
286
300
278
300
-144
300
-104
16
130
294
-60
-120
238
-176
118
-282
150
288
-38
294
-8
296
-22
-78
-74
-50
300
-2
24
24
-178
-186
40
8
70
-214
-158
206
300
26
-222
300
186
62
300
-96
166
108
60
-68
300
228
-110
290
298
-8
188
104
-14
-100
186
-230
288
182
-14
292
196
216
76
20
4
-286
-180
-196
102
-220
-46
-50
-226
300
-24
-142
4
-134
-26
298
-24
-76
288
108
-8
92
62
240
14
114
300
-80
300
126
82
-66
300
-68
240
296
-138
-150
-38
-188
286
18
38
12
-20
60
-286
270
256
-126
-54
-106
208
294
44
206
62
-76
300
132
138
300
16
290
44
-72
-154
240
298
-170
186
94
-168
-80
-94
88
298
-108
-50
100
298
298
-260
-120
-78
300
300
296
300
74
-136
300
8
278
-124
-58
-152
-196
-224
-106
-28
300
-248
-58
-148
-190
-86
96
-216
112
300
-22
-224
-76
70
4
-44
156
280
300
-30
-104
292
300
292
228
-22
-124
-176
-86
-166
234
-96
300
130
-104
300
194
-198
168
112
296
176
54
-174
-30
-136
298
-4
-148
130
236
-60
126
292
-26
294
-150
-110
-18
196
216
152
-226
-188
-106
278
-38
-134
-242
-38
-36
6
300
-120
252
206
-94
28
-190
118
-52
64
300
-138
296
-90
-42
-152
164
-64
84
298
88
190
300
-190
-34
298
52
286
-196
282
282
110
-224
-130
294
-36
186
-130
-132
-172
-120
-68
300
208
16
128
-26
-112
62
148
46
264
230
-24
280
154
130
-164
210
256
-60
300
-36
0
300
162
300
158
-84
-68
190
-128
-140
136
168
-96
32
94
8
182
140
300
-24
-136
300
-156
140
90
-122
200
232
120
118
-36
300
-90
-46
226
-74
96
-62
-116
298
-176
298
46
300
16
-152
300
-70
58
110
128
290
-102
298
-44
216
-202
190
2
72
86
24
186
-262
2
72
48
230
244
240
294
292
-110
300
-218
184
300
-38
188
96
-190
152
236
-148
-154
-38
-52
-96
-140
300
-10
300
164
-208
-194
-108
300
-102
298
-168
292
-212
-134
-28
-2
66
14
-136
300
300
0
-42
-228
22
300
-84
232
214
-292
-172
272
6
264
126
-12
-242
202
-64
40
-54
-116
172
296
126
300
-178
300
296
230
276
188
136
24
-68
-104
70
108
294
-200
-86
14
182
300
-32
-170
12
38
-200
10
-134
-4
62
72
164
-232
148
-146
-176
-10
252
-32
290
-178
300
-130
-212
34
288
-52
-78
294
134
300
298
-14
300
98
-156
146
-62
-136
34
-6
28
-36
300
76
-6
300
268
16
-128
-52
-236
136
-160
288
-14
300
300
22
26
266
-50
-218
-64
294
-54
84
-2
102
134
-196
56
252
212
272
24
56
294
-50
-158
-206
180
300
300
-40
154
-152
-100
-62
296
108
-22
8
-180
-102
4
-62
-160
114
-72
42
300
18
-56
-108
76
-12
48
104
282
38
130
300
274
116
190
-134
-8
246
-70
-64
132
-78
-238
-54
-34
300
42
-128
-64
-220
72
300
-74
40
112
-134
2
30
300
-10
-80
-50
-12
232
12
200
94
190
-120
-98
-58
172
300
248
136
-256
-110
-154
298
300
300
-90
-42
-164
-92
98
146
146
234
84
-6
300
120
208
122
242
-70
190
300
-88
266
-152
-258
300
298
216
-168
264
-40
146
160
-110
204
104
-166
300
300
-2
284
122
-54
296
20
16
-162
24
142
268
-172
118
170
-90
298
126
88
-134
84
274
252
162
-82
300
24
300
-234
-40
118
-56
206
-10
12
-6
170
-12
-114
18
-206
-16
-138
258
-192
-198
92
-48
-44
266
106
188
300
294
290
58
-10
-50
202
130
124
42
-72
28
16
40
-144
246
274
-16
134
-130
-80
298
216
-146
-26
278
-108
18
182
160
300
-82
142
-274
298
-150
-236
172
88
88
-66
118
102
166
-40
-228
-154
298
-8
220
300
-64
-92
102
-94
-170
-4
298
72
248
294
38
60
204
300
52
32
298
210
300
110
248
-106
212
-226
-152
-174
36
300
110
4
-202
-130
94
-236
248
218
-2
298
-68
186
296
296
198
230
300
100
2
-50
204
-98
300
16
-158
272
34
262
146
-88
136
150
54
236
300
296
268
38
-52
-28
6
294
110
46
56
-98
16
300
-248
-40
30
-106
132
42
300
-180
298
-154
10
136
-220
146
98
36
286
-278
284
-170
-140
-180
-24
32
-170
-46
-132
300
-58
-102
-42
300
-24
-100
-166
300
300
264
-170
-96
300
56
154
152
300
94
-82
-74
-98
-138
-150
24
-172
124
-30
-60
16
100
300
300
164
-52
118
300
-34
-58
288
-220
-68
-124
-94
134
300
164
-80
20
298
142
-274
-44
-100
296
-136
294
70
12
46
116
-210
150
142
300
58
210
180
-212
174
300
292
140
-160
-48
290
-96
256
-28
-216
192
44
48
-124
300
-166
-86
-162
-166
-24
82
126
168
-88
42
262
204
164
300
-22
228
260
300
258
268
280
240
150
-66
-34
70
52
-82
-182
-244
10
300
150
-38
-68
70
300
298
296
274
-126
-112
68
-20
300
294
-102
-64
168
-18
222
-158
292
14
110
-108
286
86
-134
234
-78
108
38
34
-26
-112
144
-138
-96
266
66
300
-106
114
190
186
300
68
-124
-62
56
-224
14
272
256
-46
-124
-56
138
-156
100
282
-70
300
-74
264
-136
282
-244
138
140
-8
300
134
298
200
300
-46
-124
-142
-254
-174
294
236
-74
46
-116
300
246
-78
-30
162
300
72
78
-178
50
284
230
-46
-38
208
22
250
-300
-194
298
-2
-68
172
-68
300
274
156
116
300
2
-10
-128
78
12
284
288
160
-98
-104
300
-108
-12
298
-128
176
166
-58
194
268
-22
-148
264
-138
258
300
240
140
190
-222
298
22
-152
44
-54
278
176
300
-78
140
-162
176
-90
-70
154
300
300
292
300
26
-204
246
-78
142
266
242
-30
-6
248
254
-84
-8
98
-42
300
-74
200
20
136
-108
54
-52
300
128
64
-82
-272
-102
-66
-198
46
14
-58
228
286
-52
-36
-10
-38
-158
-46
4
30
14
48
300
-60
232
40
300
-22
-62
-110
-94
-132
-12
-272
-94
204
-94
-106
-26
-108
144
-58
300
194
290
300
-128
-98
26
-274
278
122
120
120
28
-20
268
16
34
-48
40
300
298
54
296
24
-228
-162
-128
-44
-224
-132
252
-40
20
56
8
48
-76
158
-156
270
292
220
-206
-14
226
-164
-64
300
-54
-236
-86
-30
-2
300
-34
210
-54
238
30
-194
298
26
82
300
122
-256
294
56
90
284
64
118
12
300
-178
246
286
300
180
294
286
196
-172
188
56
-204
100
-76
-160
-110
-26
6
130
-202
44
82
234
-84
128
4
132
252
142
276
118
80
24
186
300
-2
64
-24
-214
-182
-122
300
14
292
292
20
24
-280
-10
-28
38
-86
294
126
244
294
-216
10
26
244
2
-24
-164
92
300
-38
-46
-122
82
108
-266
296
14
2
28
300
-172
-94
294
30
300
300
-152
-146
-88
266
-124
-154
4
122
138
-44
290
-42
-20
-96
288
286
4
-140
-194
-48
86
114
-200
8
-28
-248
300
-92
88
248
-8
300
-66
-84
126
-146
54
-224
-218
-6
-114
-206
202
254
-148
-144
294
260
-88
134
8
296
-106
144
-158
250
122
290
28
290
-56
-42
-256
144
-106
-16
160
118
-126
152
34
300
-50
-214
-62
300
300
-174
-42
80
-28
194
118
54
-8
188
300
88
156
22
-128
276
-82
278
-190
18
300
280
300
-174
300
136
-212
128
300
300
-74
-152
90
-138
278
280
188
-158
300
66
146
236
-258
-144
-130
256
286
-36
180
300
300
32
42
2
130
24
166
112
-186
124
296
86
44
94
-202
222
86
170
-232
32
-66
286
58
210
-52
66
204
300
-94
224
-150
90
284
26
-92
-128
98
-98
298
300
128
-114
-140
52
74
-190
-104
180
250
300
64
-80
-180
228
-162
300
-96
76
130
-58
284
124
-132
-176
102
-42
240
-74
-6
292
-234
144
-22
-46
-60
50
198
250
24
-32
-132
300
282
-210
264
-48
264
-228
-168
-20
300
80
144
300
126
-106
-18
198
178
36
-18
290
-246
-260
-4
272
-20
184
298
126
140
72
-6
-102
278
-216
-82
146
300
296
62
284
-188
124
-38
114
294
-246
-172
288
-112
-178
22
-66
-86
-276
-82
-54
30
294
24
-78
122
-122
-48
276
-242
-34
-174
136
-18
44
112
64
-84
258
-70
22
6
-216
300
-188
290
150
38
-78
104
-190
268
-80
-200
-164
250
-6
264
300
-60
-166
-52
178
298
-198
74
114
300
-118
-24
-200
42
82
-96
-148
300
44
84
-132
-20
-174
-84
-146
-148
292
-110
-122
164
104
132
-28
292
-98
160
76
-176
300
300
-72
-110
-54
300
34
248
108
28
26
-162
-4
10
208
-102
-96
300
-68
-12
-98
294
298
-28
96
-208
176
78
-180
148
-28
-136
176
254
4
186
-68
278
268
-20
-134
-194
22
108
210
200
-140
72
-102
-24
40
-48
-100
264
-50
-66
300
208
-64
184
-158
190
150
-6
256
282
-78
-226
174
60
-70
-112
-194
-106
-52
298
278
-106
300
-66
300
284
300
294
298
-138
122
300
-146
276
298
-116
226
-74
-82
-206
300
296
108
-132
292
-116
80
-66
-258
-84
-54
76
268
-26
216
-42
104
52
270
100
-130
298
156
8
122
-162
-78
86
142
298
30
166
298
112
290
126
194
242
228
286
166
266
224
-174
38
-70
58
128
-140
78
242
-36
-20
296
36
-4
60
-56
-150
6
-100
272
-10
-136
-8
190
-8
-40
278
150
272
-222
40
-124
-104
68
-102
280
-274
276
-130
38
-108
-190
38
42
-206
-186
42
194
-122
284
166
-10
296
274
300
230
90
298
-110
136
238
-26
-130
300
-210
208
-46
268
-148
272
38
266
100
-174
12
300
246
-72
-138
188
260
72
-226
0
52
76
-128
300
-76
292
300
234
300
248
-66
112
-98
40
274
300
-58
298
-106
-74
-80
298
-16
300
298
294
108
-222
186
192
290
-158
168
84
-152
300
296
-196
180
-66
70
86
-216
298
48
-154
-102
180
-74
278
300
58
254
-214
-44
42
-116
-196
284
-40
-158
16
30
86
-102
110
-164
74
300
16
60
-196
-188
-158
-12
214
-96
-74
-138
292
-288
150
230
300
98
-158
-174
214
300
300
296
-196
76
300
-46
-86
264
242
-168
-66
300
300
-28
-264
110
-20
-182
288
236
140
92
300
26
6
-188
162
172
-144
-68
50
-184
-50
266
300
-70
146
244
10
300
-70
284
288
234
246
-196
52
234
170
60
130
-70
-100
52
-186
-14
300
-98
220
-140
-12
-74
94
-118
6
-20
26
-44
68
-138
18
52
28
282
-140
-36
-14
-58
78
-118
-136
282
172
-62
-228
300
54
190
-204
240
296
-64
-6
-180
-50
-156
134
276
144
208
-108
-146
210
26
24
-142
-38
-242
212
30
264
-130
-8
-186
112
-50
36
-106
-16
300
-122
-122
32
-32
300
-22
82
300
-74
-136
-64
14
46
296
298
-22
146
90
-2
-220
228
-38
-112
186
58
172
-116
-154
18
246
24
-128
224
-272
-42
296
132
296
174
-20
-124
36
300
300
-224
296
264
172
-88
-2
242
112
300
-60
244
0
250
-136
-44
-32
226
-172
130
-110
-108
-72
10
300
-222
-158
296
300
104
-90
300
300
168
-52
268
54
40
-234
126
142
-76
300
-198
176
162
-96
-84
172
124
300
66
-68
300
44
28
-124
168
54
20
298
148
-220
140
-84
122
300
-210
92
56
88
300
-68
288
-108
108
102
-140
-108
94
8
-176
300
300
-116
292
-68
96
-38
-42
-54
148
94
298
198
300
272
72
-28
-144
178
118
274
-170
290
-68
294
106
148
204
-152
272
218
104
-82
300
-50
62
244
-50
300
218
300
-192
166
92
2
64
-4
94
300
-46
70
-210
300
284
44
300
300
-198
284
-2
-62
-58
300
-150
300
-12
-92
292
-22
-24
-32
-94
-222
184
-38
-84
130
-124
300
300
108
256
26
62
-112
256
196
180
2
300
-138
300
156
100
134
-28
146
44
300
-4
-32
-70
300
-114
222
232
-212
-70
-126
294
180
298
188
-204
-88
38
-62
300
300
190
182
-26
-16
266
216
-12
-134
232
230
292
22
234
122
-134
34
232
300
-94
-58
-164
-260
-32
-270
-84
-106
-44
86
300
10
164
-34
108
-248
-10
94
32
256
-130
-166
-212
30
300
-176
-114
-26
260
-18
32
-44
300
294
-42
-78
300
56
218
-120
22
78
-60
300
282
-146
300
-90
-56
82
-250
222
60
-116
-64
224
10
160
22
210
-160
-76
-124
-44
124
164
58
82
-156
128
-168
-112
96
230
294
254
300
-78
-284
94
14
-46
296
298
222
56
300
172
-36
60
-14
300
300
36
290
212
-106
190
-164
278
134
60
-104
-2
270
280
-134
-174
262
6
-50
212
300
206
110
16
-114
162
-106
-160
300
-220
-202
-6
240
-162
272
56
-80
80
288
-46
266
222
204
64
154
-130
-52
224
294
-216
-240
84
-180
262
26
292
-126
118
142
-112
294
-240
40
-40
-156
-60
238
26
298
8
-28
294
300
-228
142
300
-34
186
256
300
290
74
300
20
136
234
26
-20
100
-104
182
22
116
140
-62
24
-8
-296
280
300
300
-140
-126
212
-140
102
2
300
-212
-34
-62
-86
-10
62
-2
244
-48
-6
-16
-104
294
270
-118
300
-76
-142
204
-164
222
-76
16
300
206
298
294
128
52
-80
-228
-186
-174
56
-180
260
202
-30
300
286
-202
132
-86
80
98
-100
30
168
38
250
-136
230
-48
300
-190
286
2
224
-46
18
266
112
212
-30
294
192
-18
-288
42
260
-76
202
-92
182
-78
296
12
-72
248
-180
-106
196
10
232
296
-96
170
-208
280
122
-108
290
72
238
60
128
292
-50
228
-118
102
212
-152
124
236
300
-20
130
134
72
-36
216
120
-18
-72
-14
138
12
72
300
-164
-256
104
-56
-66
46
20
10
-192
300
-198
-6
50
300
-234
-156
-98
-66
-48
-94
164
-206
126
170
-186
298
150
262
56
240
298
-102
-50
-134
-194
80
-50
144
-22
-174
-42
120
112
204
42
300
278
212
300
-14
-226
300
300
-42
-212
300
-6
-58
94
18
-12
112
140
-60
-128
264
-40
142
114
28
-76
72
-278
-252
-174
300
300
-108
300
76
-94
-14
300
-40
-164
92
-46
118
-52
300
120
154
294
140
-98
256
-38
-128
202
300
-222
-106
-6
160
-58
-2
-178
240
-134
164
-208
-126
-44
-72
12
-286
36
-170
48
300
300
-76
-126
-58
162
24
300
-84
294
222
40
-44
300
-30
-24
-76
-130
224
-128
64
66
294
300
-190
-148
10
-104
278
-32
-38
-34
142
300
300
110
-170
298
-124
124
300
-30
-150
80
-128
110
244
132
-154
74
300
78
2
226
156
-158
30
-86
-180
254
-172
112
-186
300
-30
210
24
300
-68
-114
150
-72
-104
10
92
-16
-48
70
286
296
268
52
82
-6
-160
-10
36
-14
288
170
292
-156
80
-114
-212
-26
40
-22
-240
-18
-160
60
234
164
-62
-202
262
202
140
120
-28
-136
-60
16
300
136
170
124
82
-258
44
-142
-146
300
228
300
156
300
30
140
-110
6
278
-206
-58
30
300
-68
-118
-170
-128
-234
246
190
-80
-80
22
-58
-134
246
54
82
88
92
250
-92
28
-116
298
300
300
196
178
-14
252
300
78
-232
-190
158
-66
298
-124
-44
-168
-116
250
94
2
300
170
228
-20
-18
202
236
272
-146
-226
-144
-2
222
-10
194
90
-176
262
122
-184
26
274
300
-28
-4
188
236
226
210
274
-42
300
-134
80
192
232
300
-46
-64
274
-144
300
278
106
298
12
40
124
40
172
-102
172
148
72
-28
156
-178
-44
300
268
-234
300
-4
98
-22
-10
280
96
92
-262
-126
292
172
-100
182
4
-74
-160
-144
-16
-74
296
236
66
-96
262
232
-162
-166
194
-156
-58
-98
-22
174
-28
-96
300
28
-104
42
-258
74
-154
-234
-38
-182
94
-44
-46
-208
-70
236
-30
196
122
-182
108
6
-120
-50
-32
-76
300
2
300
260
244
88
184
-18
230
172
286
-112
132
-190
28
300
300
-182
280
-240
-148
300
300
270
98
-14
156
180
-12
-136
84
