300
-38
-198
148
254
168
20
296
92
300
-246
-60
-18
284
276
170
248
-176
38
196
86
-82
84
-142
-136
296
286
122
110
-210
226
-118
-18
-228
-194
-218
286
108
300
-86
92
96
20
300
242
178
300
-258
300
-186
-202
140
198
300
-20
286
208
300
20
300
18
-122
250
300
-242
300
300
-200
-146
-186
270
-124
56
-64
126
296
168
12
280
-126
-104
98
174
-264
28
160
150
44
300
244
300
-158
12
248
220
56
72
300
-88
154
300
8
300
-174
210
82
300
104
172
-206
122
40
-60
300
10
-196
110
-290
296
300
170
-74
290
-156
192
-60
152
300
-78
-102
68
166
294
204
138
-12
-12
300
-204
-54
262
288
-80
300
204
236
260
300
200
-166
300
298
-112
286
-108
216
-44
160
206
4
-146
14
-234
-132
80
-42
200
212
294
256
292
-60
-6
82
-92
-218
142
300
298
32
104
100
54
300
102
240
-130
-114
72
112
300
-66
118
166
-54
298
296
-108
-98
250
-118
284
6
230
218
268
-52
-100
244
150
-94
-276
-62
82
-126
300
-222
-18
300
-8
88
-78
-18
80
-144
260
300
94
66
288
-18
288
-104
38
-124
266
-62
260
246
60
300
-34
-182
300
-136
-94
-90
-66
-122
120
-244
-136
-224
298
248
-192
10
288
-268
186
-100
22
-64
-102
298
-12
4
-102
-70
220
-214
-24
248
-124
284
266
54
-40
-122
-100
288
-144
-94
278
300
22
-56
300
-160
170
238
-66
-166
300
44
262
300
30
98
112
234
2
-60
-72
288
300
24
-100
300
84
18
184
8
-126
300
300
-122
-76
236
-150
-144
-214
96
-116
8
-68
268
154
300
-168
112
-100
-156
248
58
34
120
170
-16
138
300
300
152
100
128
294
284
216
-182
300
128
-130
202
-102
-102
-136
224
98
-172
174
300
262
106
-218
-224
-156
254
300
-92
-264
-146
52
300
100
262
272
280
-86
-202
-132
10
-16
-230
-134
-2
224
98
58
-140
-120
-174
-210
-286
128
148
102
-100
-80
300
126
-190
300
-26
-220
22
300
-134
-176
294
-102
286
-104
98
-100
90
-160
-268
300
-84
300
-32
62
152
-18
222
78
300
152
-146
300
142
260
-98
300
300
142
46
202
48
-178
-80
74
-82
300
-220
-148
180
-82
-46
-54
-150
-110
286
50
-138
300
216
-186
-12
-10
180
212
-178
8
-32
6
-142
36
-16
40
146
280
76
-176
56
202
-110
298
-174
32
46
36
-262
-76
196
66
162
300
238
298
-136
192
-136
-140
32
30
266
-92
70
128
276
248
296
72
88
-8
-182
-280
-224
-184
232
10
-8
232
-176
-96
-70
-76
58
300
32
-14
296
114
-120
90
-2
-16
-40
224
-172
-48
186
228
298
-66
98
-50
246
64
298
112
20
300
-80
284
-108
208
220
104
34
246
52
-136
-124
142
-56
-66
34
6
-40
300
136
-162
12
296
-228
0
-104
216
300
298
-126
130
264
186
62
130
-230
-6
170
-202
136
24
0
300
56
70
58
-118
-114
-60
118
-156
156
0
102
-70
300
102
300
244
98
72
-70
244
8
-64
134
274
24
296
-28
6
298
162
-52
70
-68
78
300
-162
152
10
2
298
286
-30
-114
60
194
300
-10
186
298
12
-142
252
-84
66
32
26
284
122
102
-82
-146
20
8
-254
-106
66
82
-38
-56
104
24
260
-72
68
-124
182
-72
298
200
-128
96
298
162
134
122
-52
-258
-38
300
236
-48
-112
92
188
270
130
-92
280
300
198
276
22
172
282
-92
-112
-50
242
76
38
-178
300
84
-166
-130
274
-128
-94
-122
142
134
300
-76
-52
-170
-168
38
224
298
-192
16
64
-72
278
-134
300
-38
160
-60
84
20
-102
138
-90
102
-250
-160
-80
298
-14
298
-24
104
-36
300
-74
-12
272
28
-216
-30
300
-31
-126
-56
114
-48
-42
282
-192
-184
280
44
258
66
-90
-100
106
-184
76
130
138
-154
52
-64
300
142
274
266
98
-26
238
296
-118
-52
62
102
84
-114
90
-76
0
300
-60
212
114
272
-108
-102
-92
-136
284
-154
-44
-104
130
16
228
216
-34
300
-136
-146
94
218
160
300
56
298
300
300
230
270
300
284
-44
38
-90
-106
214
-206
298
-176
22
298
78
188
-118
-138
-184
-150
226
-218
224
300
-34
226
16
190
94
298
38
130
300
174
132
-44
-110
274
-194
-106
-4
52
-124
-110
280
-250
166
300
-120
290
-106
76
-38
-8
-142
-16
278
-186
-54
300
148
218
300
300
32
-174
-152
92
286
-84
286
176
-38
268
294
94
146
-72
116
126
-62
-118
-94
-58
300
-2
-104
-66
-60
-128
222
-98
-2
300
294
-140
300
14
38
74
66
-118
-84
52
-152
66
-126
-86
266
-28
254
-238
66
-44
160
-116
300
2
170
-68
-12
64
298
156
158
108
-186
-102
284
-138
6
-84
270
-44
300
66
94
222
-156
-48
300
-104
64
-72
-114
-138
-268
296
38
74
28
116
116
300
232
288
274
10
156
154
130
-114
-212
-128
-38
252
8
-162
-162
-282
300
184
-88
-116
46
-56
86
-146
282
80
-24
-186
66
-74
-128
-166
230
-96
242
-38
300
194
-222
292
208
-88
-180
138
300
16
300
-34
-126
300
-12
-160
226
300
120
-164
160
300
12
264
70
-16
-94
-244
40
-102
238
14
-54
54
-72
144
-44
150
-136
-118
28
12
28
-264
-62
66
-230
298
-48
-106
76
76
-142
300
-208
114
170
-30
-134
-114
-250
-158
-28
108
160
252
-76
-52
74
114
12
144
146
156
-10
-220
-26
218
-252
-208
4
-34
-120
-230
38
180
266
-148
-104
20
72
296
218
30
300
148
58
106
160
296
8
262
300
290
-48
300
50
30
-98
208
102
48
196
138
186
192
210
-22
202
296
102
276
116
-200
288
258
-104
42
-10
-62
300
26
-66
-188
78
-258
288
-224
224
-128
272
-22
44
12
-202
74
-252
-232
234
172
286
-62
-32
-8
300
300
212
-92
118
-86
-214
-92
300
296
240
-98
28
-48
-168
200
40
-32
-86
300
38
18
-190
228
-56
286
-78
300
286
-92
266
-12
300
300
-40
300
34
298
-250
118
198
-72
204
-18
82
-70
72
80
208
284
246
-144
240
16
40
300
-178
214
96
-96
-160
192
258
-6
178
292
162
-116
216
146
86
192
254
270
300
292
236
298
-152
-162
-46
-4
78
300
256
28
156
94
300
-54
50
280
22
50
-34
-168
130
300
300
32
146
276
-74
300
102
-158
-14
300
296
144
-72
76
-20
-218
-10
-24
200
-154
300
-2
224
-90
126
280
-70
300
-220
-100
184
90
-174
-124
18
-196
-128
300
-82
74
298
166
242
-48
98
300
128
28
-180
124
-294
298
-68
-68
-56
6
-180
-182
300
300
-96
282
40
-140
-120
-108
-192
52
-224
-24
80
-136
300
298
268
-30
280
300
260
300
-28
128
152
300
-22
50
84
192
-150
194
298
80
122
80
300
-226
4
24
-164
164
-158
-58
-142
32
184
180
-188
160
242
74
292
148
-250
-270
300
162
-136
270
294
-170
-88
8
-134
36
300
84
300
242
-92
242
-190
2
296
66
204
94
-104
2
102
-100
146
134
300
294
-262
300
-106
78
18
162
-200
138
186
-158
290
288
14
42
54
-86
60
-166
-268
-12
-108
-130
-12
-58
-28
300
-110
0
56
48
0
-214
36
-166
300
-124
294
40
-132
156
266
28
-14
260
-64
0
90
300
204
300
136
-100
300
300
296
96
108
188
-142
298
300
64
10
-80
-102
48
-82
-206
-66
-80
-58
-226
292
246
66
-226
64
6
-94
80
300
300
-116
-214
-146
-218
-158
50
300
160
-110
-114
-90
-126
-290
-20
274
-152
-100
-218
300
300
120
206
-118
-136
104
300
-172
-202
278
96
-56
-200
246
62
140
270
-136
160
300
60
94
98
-184
200
134
-132
142
-120
70
-106
156
12
300
-64
300
-170
-122
86
252
292
-70
104
254
-20
276
-112
296
28
182
-132
158
138
148
32
224
46
-30
8
-158
-74
110
168
300
66
194
236
-128
300
-62
300
136
44
254
38
-162
-134
98
-20
94
-116
62
-226
-32
186
116
-124
164
300
-14
300
-146
222
-10
-32
80
-24
-84
-78
-156
-160
170
-54
-146
244
-16
266
-52
270
-78
-152
298
248
108
-194
242
-8
142
66
-130
-70
92
88
-206
-212
-120
290
-194
68
116
-126
130
-154
24
-108
-6
282
-292
180
-150
52
182
124
290
292
8
218
24
-196
300
74
300
-110
124
-132
74
300
-268
14
-54
24
300
300
294
-40
-56
296
36
-84
-184
250
-108
-28
114
-76
202
2
300
-248
116
240
74
-20
-182
238
-68
188
212
276
300
222
14
16
84
134
300
98
300
290
82
-138
278
88
272
-78
296
-130
184
266
296
246
282
-100
-224
300
226
112
-8
104
298
90
-90
-20
-212
-46
86
216
-208
-124
-2
104
-44
164
-66
-232
-40
-98
198
-148
254
-98
-58
-16
164
-122
68
-44
110
294
-158
-86
242
300
-4
64
300
-38
30
8
140
-84
296
284
-48
-84
14
242
300
-74
14
204
-94
300
-148
250
-38
214
250
-28
4
-24
280
36
300
178
-202
-128
280
-96
214
298
-48
-90
-190
208
26
8
156
50
-24
-126
-46
242
244
116
-176
-8
168
-236
152
300
208
-44
300
-172
42
-58
148
-74
0
-102
278
-90
92
-124
-62
-198
104
-224
-14
92
-138
-152
-76
202
-164
226
300
162
-150
200
26
232
278
-132
226
-132
132
-88
-134
300
138
300
112
2
-82
300
-12
76
-96
-60
294
48
214
-274
-164
22
244
230
296
280
-66
300
-46
-160
-146
-156
300
-110
264
126
300
-78
-124
24
-26
174
300
292
-146
-218
200
-98
-54
90
174
126
-4
-140
266
216
-154
298
90
-64
268
298
210
298
28
-28
290
176
-16
-258
-2
-108
-48
242
-132
284
230
248
178
-140
-10
2
-106
44
266
-100
-178
114
-138
96
-6
246
8
-132
-222
32
-218
2
-6
158
-174
78
126
296
-58
96
-76
-190
12
300
-34
298
-58
10
300
298
248
300
-154
300
-56
-82
-210
268
-26
46
-26
100
-150
104
212
170
-68
-284
144
204
52
194
-48
300
-82
-60
118
184
-82
-64
-166
-224
-46
300
300
240
6
-54
-300
46
300
-112
-56
-116
-60
250
18
58
-106
-18
26
130
-6
272
300
4
254
54
-194
-176
22
174
50
174
300
178
-184
-170
-38
118
62
-110
44
274
164
274
298
40
-106
-230
284
4
-62
250
-202
132
-34
-156
30
10
-20
-16
300
-146
300
50
38
116
-32
-96
26
-200
-14
-98
76
-72
-168
-94
-170
-262
-216
-36
-110
300
300
6
264
-180
-108
-194
200
-4
-266
288
296
28
-170
222
280
72
-200
-228
-40
-90
-4
-72
274
-26
-276
-120
-98
-300
300
282
-182
-38
300
56
10
-44
300
298
116
-156
-16
300
-54
-116
-148
-164
-72
94
280
-52
-76
-88
-264
98
2
-202
300
190
-160
-88
-152
218
44
296
300
-146
-212
-62
-82
-220
136
-78
280
262
-174
-60
94
-122
80
198
2
294
-150
4
116
222
-4
300
-158
62
296
98
110
206
30
298
-70
-126
-54
-266
300
300
224
-198
-144
-130
232
162
2
236
82
300
54
256
-192
134
178
288
-144
134
294
290
-196
50
-84
300
96
60
-2
-226
116
-122
-70
256
36
-226
50
222
-252
22
262
224
36
-22
300
290
300
-122
190
72
290
300
-38
242
-256
288
-8
-162
152
160
-112
72
84
298
28
78
142
80
-36
8
138
300
-168
300
294
-44
-86
-46
-64
-180
-64
-8
152
-64
244
300
262
-214
228
-130
-92
300
12
300
-12
-70
-68
162
20
2
300
-202
-72
-184
52
-76
44
-148
-50
-42
-86
226
102
58
-48
284
172
-124
296
300
142
-88
-150
298
-66
50
298
-260
300
-12
298
14
224
300
-140
300
-54
136
300
-66
142
82
18
-134
282
-222
264
154
220
-176
46
22
-228
-138
292
300
-90
272
134
124
-46
58
-4
254
246
300
62
40
-100
-20
-226
-162
-194
144
-212
-46
300
104
236
42
300
-122
-132
214
48
-78
94
194
300
262
60
-124
-102
300
114
300
36
-246
80
240
-72
300
168
-164
124
-288
-240
130
-240
252
-74
246
64
300
168
300
-258
32
-46
18
86
156
300
216
-180
284
-192
134
-184
-118
-50
264
98
48
12
22
170
300
30
260
178
-94
-172
-88
-234
-94
-30
164
276
84
-56
90
-182
300
60
256
300
-50
300
166
-140
6
76
288
272
44
300
34
-78
-110
106
40
-122
300
292
48
-10
-96
14
300
-70
206
300
298
-22
-28
-126
78
-276
-44
-58
300
252
-68
-42
156
264
-24
192
-226
-278
106
-270
-70
-78
206
-228
130
-100
298
-146
192
140
218
294
-32
-82
218
126
102
-54
244
-6
-60
-126
16
-44
-244
252
244
-82
28
114
294
-136
80
-14
-108
-102
10
290
242
-38
-262
-102
-124
298
-200
-74
8
158
-112
286
-254
36
288
-26
140
248
210
-74
-6
-158
-36
248
-240
296
-106
300
300
218
-240
122
78
238
128
-192
-12
224
50
-130
34
-60
106
-160
146
300
34
200
72
22
-172
-28
300
-36
-86
-94
10
134
294
292
200
292
300
-180
38
-74
260
-188
-168
-80
-196
-110
232
34
174
-14
-192
176
200
70
-50
74
-62
-8
-118
-110
148
-162
46
108
-134
300
-176
-64
238
238
260
-224
74
188
286
276
30
-98
8
284
146
262
128
260
-16
246
234
-114
-216
298
-136
-64
-100
138
58
-168
188
278
-170
294
90
-142
64
254
-34
280
300
252
12
-64
-226
-154
-36
284
148
300
-16
-210
300
270
284
-154
-172
-28
300
138
-86
-110
-184
296
186
282
-64
-60
-284
-56
174
158
-230
88
190
152
194
168
-120
116
-6
-10
-164
118
-64
-118
154
-90
-72
204
-104
232
300
-98
152
252
148
18
-50
300
-252
-106
-244
98
76
-126
118
300
288
-156
200
140
-28
-156
300
-74
198
56
92
270
-202
-196
300
-206
286
178
-12
-218
76
-184
280
86
186
300
122
284
236
-12
60
-16
-62
26
274
-112
72
-24
290
166
260
168
100
244
-62
-114
158
-38
288
286
202
300
-94
-96
-200
-46
166
274
122
-92
-148
62
36
288
24
118
-24
300
-66
-26
-16
50
168
-46
156
-44
-124
-168
30
-94
-88
290
136
-52
300
-38
-68
-194
-120
220
-106
128
-134
132
-22
-12
68
182
92
-212
36
290
-138
86
-32
232
30
292
300
96
298
300
4
54
296
-6
-24
28
130
-102
300
298
298
164
300
-110
-64
-102
172
-46
300
-24
296
272
68
20
300
-22
162
204
-146
-126
-82
222
-44
112
84
82
-66
-98
-210
94
300
300
-148
50
216
214
176
300
-110
300
160
12
-102
30
148
192
94
114
-12
-222
-30
218
-252
-46
-260
300
286
134
-110
104
300
-116
-188
-140
300
178
-30
300
220
-48
182
-58
70
300
-168
-14
164
300
-270
228
220
166
270
300
-184
296
-128
290
300
268
224
-80
252
4
130
300
-28
246
270
-190
124
-6
86
-64
-102
14
100
-50
300
18
300
40
-232
32
72
-4
-100
152
298
-114
104
300
282
180
236
-20
52
300
-116
10
82
-264
-24
-204
-162
300
6
2
-74
268
40
-190
-170
156
-238
-166
-70
-130
300
38
-58
38
-126
-72
-122
74
156
-48
-36
-6
-88
-170
-72
300
42
-40
-142
-88
300
16
54
98
294
264
130
14
300
224
-94
-24
68
260
-166
112
-42
-214
298
38
300
266
-70
-68
-178
40
0
-34
-54
-216
60
-54
30
92
-10
-82
-264
-56
56
296
214
266
-164
60
300
50
286
300
-44
240
-96
228
296
104
-108
-22
130
-142
-118
300
-68
-150
-158
212
22
72
140
-236
300
-150
300
8
-32
-26
300
270
198
-100
-284
2
300
266
106
280
82
-34
208
-44
46
-164
-194
300
-216
274
64
-158
-182
-68
278
68
-200
-152
232
60
-40
4
-72
220
-96
158
270
-94
10
-164
-6
-68
212
230
246
282
300
290
6
174
300
300
24
114
-66
300
122
-40
48
298
298
-146
-122
-108
142
-68
-118
-226
108
-238
90
-38
74
262
234
12
-208
-62
268
282
298
-68
-8
136
300
104
-104
272
300
154
-100
300
100
238
-188
92
-150
182
-220
222
172
214
-68
-172
142
-150
170
-218
48
86
-12
-16
298
-118
162
-140
16
-26
144
296
12
-256
300
-126
260
-84
-40
-20
272
-156
-116
-178
-72
200
-188
238
300
-158
-108
150
-118
-136
130
-86
-76
-54
22
-20
-150
72
32
176
34
120
-142
-242
296
-148
190
300
-78
-88
-248
224
218
90
50
300
300
24
186
90
-76
-48
-80
210
30
110
46
186
90
68
-94
226
-270
272
-16
164
-22
-120
-68
62
96
2
200
-28
176
-70
276
-170
220
218
300
22
-216
10
28
-98
108
0
-12
150
-84
-50
14
-30
-234
284
-70
124
-58
-64
296
76
188
-94
116
300
94
288
274
-226
300
-88
50
216
300
128
-108
296
278
192
-144
-136
32
-174
254
-28
298
-124
-160
42
112
274
40
-216
-142
154
-148
292
72
-30
276
-106
300
160
300
-38
286
94
300
296
112
-98
38
264
294
-180
-116
298
176
-18
156
266
-144
54
300
122
-92
300
212
12
52
284
164
-176
174
-162
272
-6
158
18
300
48
142
22
-52
-132
220
300
-152
300
70
230
94
-250
234
-106
-18
-282
44
-156
-98
-90
268
152
100
-230
188
86
292
226
146
-38
72
-150
-150
300
256
272
300
86
-158
-48
-138
298
300
300
60
-186
-38
-240
244
78
88
168
84
-62
-44
300
300
-130
294
2
176
-52
236
-138
56
98
-198
-134
-144
-6
-110
300
72
-72
182
28
-160
100
278
4
150
110
-164
-130
286
248
42
20
182
224
214
48
266
294
300
-80
-12
-24
284
46
294
210
-84
300
92
-134
-46
-150
-232
100
92
106
-208
270
92
-124
180
98
286
-226
-58
300
-56
-50
-280
54
300
300
294
298
32
168
194
202
50
20
-22
144
266
298
296
300
300
8
98
-224
-144
-200
-32
242
-12
-250
24
-48
136
-144
300
-70
-112
-94
248
172
-24
10
112
74
300
300
300
298
190
34
98
-144
0
146
296
78
250
-120
6
256
-134
126
-90
-94
-8
-96
-210
-134
280
-84
-182
-68
40
300
296
300
264
288
-156
108
200
226
210
298
-192
2
296
232
228
296
-60
-160
-116
224
-100
-144
-198
-274
288
184
120
44
114
208
228
300
284
300
-160
-56
-40
-98
16
202
50
-28
172
-238
-42
38
-56
-102
152
174
110
-48
276
-124
-38
-160
248
-14
-108
-154
-34
86
-58
82
300
220
-64
188
48
294
180
192
40
140
-112
-128
78
-54
-146
-18
300
218
114
230
196
4
234
228
294
-150
-16
136
298
-238
-76
-140
210
-30
42
244
42
300
188
282
-80
268
-92
298
-78
300
-38
286
-240
288
74
-124
110
-182
-224
300
92
18
224
104
282
-192
46
-8
-38
-168
40
148
-186
22
242
154
192
162
-40
50
280
260
300
-154
54
280
-140
-206
-30
-126
-202
-106
-66
100
-12
-136
-178
-230
-62
-60
-42
262
226
152
-170
-268
128
-150
60
178
122
-140
-96
-54
78
8
300
-96
-142
-112
300
-70
-190
-204
280
296
28
300
-58
50
-140
278
300
58
300
-104
96
300
86
-50
-140
-290
42
206
-34
-280
-92
136
-140
118
28
-154
152
298
-64
-178
-276
-128
72
300
210
-82
-8
12
-248
-120
204
-172
68
-72
-144
-54
-10
-98
232
300
2
-150
170
-150
-182
-220
262
-200
44
18
-206
-96
120
-136
-176
114
-154
36
76
86
-68
300
148
-72
216
134
-202
298
-182
140
-146
118
262
-110
-12
-138
-132
292
120
280
-32
130
40
248
-30
-126
-194
-132
148
-140
140
246
296
16
44
-28
226
300
300
234
218
82
160
-88
92
-28
-174
286
-78
-190
272
-266
-150
32
12
6
254
296
-164
300
-134
-80
294
-54
-80
154
234
14
18
184
292
-96
-90
-142
-194
-176
300
-64
-270
104
158
288
-128
270
-136
154
98
-16
-84
142
288
280
-102
-136
40
282
-192
-70
-124
58
300
-278
130
156
-44
256
136
-60
300
-4
-216
26
-112
-6
274
174
-76
-144
258
298
-100
210
116
-240
-136
300
194
266
44
-94
-52
228
68
150
-162
32
-8
-10
-58
-162
266
0
144
100
258
84
-78
42
292
-74
300
-40
30
-264
-128
138
-130
-138
300
-26
-138
-60
-6
20
-82
146
32
116
300
-8
-32
112
218
-152
-108
-104
204
42
300
-116
-102
240
-244
-78
300
58
-16
-204
-54
90
30
-38
-124
-156
192
-128
-2
42
-290
-44
80
298
282
-76
236
-24
74
-228
-48
28
-10
300
-60
-4
300
-158
130
18
-24
208
-208
8
288
2
196
268
280
-220
38
156
-70
-122
290
-28
-78
256
-28
-144
300
290
174
-222
176
-52
34
108
34
2
-252
-18
96
62
134
68
-88
-92
-8
294
-80
-88
-22
-74
46
78
-256
300
300
104
250
-8
300
264
-108
-160
62
-210
-50
0
-182
-170
300
128
8
-50
300
-20
-140
300
226
-18
300
18
-10
150
216
-256
86
34
204
206
294
144
-18
194
20
-110
-94
-76
-188
-226
300
294
-220
22
198
-30
300
-176
62
74
-64
-104
122
-82
12
-172
284
92
212
-258
298
112
172
-30
162
250
10
-86
286
-164
-26
-50
-34
96
90
-12
282
-40
296
188
78
160
88
282
300
-122
286
300
0
-186
-234
294
300
296
200
-38
106
286
-44
-54
-256
116
-130
20
-174
-16
70
22
-58
292
230
-202
104
-120
20
-50
-182
300
264
-186
300
296
298
30
-178
156
60
-20
-124
108
-84
-30
232
-72
300
12
-250
-176
252
276
188
250
148
-142
-66
58
300
-2
52
0
-66
54
294
180
272
50
132
-244
300
280
298
34
64
286
-42
300
-26
6
-28
118
110
-138
-50
294
-82
20
82
26
292
-32
268
114
-136
-20
-192
298
-42
78
8
60
60
-232
14
-148
284
-118
300
-170
204
66
-30
178
96
234
12
-184
184
206
298
300
154
-76
-18
80
300
-114
300
-66
-132
-32
-22
296
10
-66
116
152
268
38
192
26
118
290
296
-120
294
294
-186
184
-114
-60
290
298
300
300
-132
-64
-142
-44
-136
202
20
108
-28
124
-102
-132
278
-26
-198
154
-8
50
-222
-24
300
-80
168
-76
-4
104
118
266
-26
-182
36
-14
-26
284
300
66
-174
238
234
-84
80
-28
300
-78
-70
206
-62
152
296
-112
292
-20
300
272
-36
56
196
-110
-158
-188
-122
-102
-130
156
-16
-136
152
-68
106
-218
-104
-184
-238
124
168
300
88
78
292
298
216
146
-80
-82
50
-100
274
76
300
-282
-116
10
-18
164
146
106
36
-114
4
-174
-146
296
300
116
-124
300
90
78
24
248
-58
-224
-288
-214
-2
-204
10
144
-286
0
288
-158
-226
62
230
-128
-194
-256
-32
296
100
250
-12
-98
-222
170
-94
-148
-156
-80
300
84
-52
0
192
254
300
300
-16
-52
-24
300
300
6
298
-206
150
-162
-10
258
-182
300
210
-166
224
-228
-30
-188
-224
-102
130
-164
34
-168
272
156
294
176
-26
122
154
94
-54
-154
252
2
-4
-90
160
168
8
22
20
-52
128
-106
-22
-30
76
60
-88
-18
52
102
300
-26
298
0
300
78
230
-100
190
-26
-18
24
142
154
126
300
80
-210
-54
44
158
164
198
292
114
-20
152
300
128
-124
-128
208
-40
274
300
212
74
238
296
68
-46
146
-126
-118
262
-178
300
-132
62
266
286
226
-72
290
10
-186
66
160
-36
288
-118
262
-102
-102
88
300
154
300
-50
170
150
-228
-220
-24
-106
72
288
228
300
300
-126
-122
100
282
-272
-264
-98
-236
-82
-218
300
300
-120
-22
242
76
-4
-114
296
-236
-108
298
-76
-12
10
-86
14
-104
6
-2
22
26
160
-46
-206
218
-26
34
130
66
-52
206
-104
44
-146
-162
-184
-156
-110
270
260
-86
-66
-62
204
210
300
-94
-202
-84
-80
-18
-196
64
194
44
-38
300
30
44
34
-174
174
80
168
-32
24
-20
238
-24
-40
240
254
-30
-160
298
250
298
-134
-80
-116
-104
300
298
298
-110
116
58
-212
300
182
166
-120
-12
-122
-96
300
-16
232
-206
220
162
36
90
-162
300
42
236
300
170
-126
200
300
214
280
0
-100
-4
-90
-76
200
-106
68
-96
-28
206
80
-190
184
-146
300
-92
-292
182
290
178
106
294
-32
8
300
104
140
276
252
274
110
290
126
154
-104
226
72
-190
-126
-50
292
300
68
256
300
300
-154
200
182
-34
288
66
-226
94
64
-78
58
22
34
128
82
-154
50
298
170
296
162
2
-118
-28
-180
300
220
270
124
212
112
104
-4
300
-30
-296
-192
204
-116
96
280
92
86
230
116
146
294
-74
88
252
162
-82
-104
74
-194
-224
-140
-26
-46
260
-204
298
8
42
156
174
56
66
100
-54
258
-100
200
-240
-216
38
4
-28
-24
264
300
-172
-60
130
10
-46
286
56
238
-38
-68
-200
44
-184
6
-28
152
-40
-148
238
190
222
-148
86
-2
200
-170
300
78
134
166
-18
-50
154
-22
-50
300
170
-140
-192
-156
-42
-146
266
-108
-204
294
56
8
-232
-148
-50
74
300
-42
-198
-186
-106
138
300
-2
88
292
300
76
-98
296
300
290
-108
90
-10
128
-54
10
-122
-2
-118
66
252
78
-72
276
168
122
300
84
106
300
32
132
-230
296
-198
-68
300
148
216
-8
-22
-170
246
206
-26
-66
-124
-4
196
-78
300
280
-182
288
300
298
152
106
42
-46
-78
-178
82
276
-232
100
158
72
168
186
266
296
-188
-160
82
300
-2
80
150
14
296
50
300
86
212
-216
168
230
298
-146
-158
122
-156
-38
130
-84
-40
300
-178
238
62
-276
192
-218
300
-214
104
194
290
0
202
198
180
228
274
98
-116
206
-104
-78
22
150
-20
296
132
-4
134
292
180
2
98
124
72
290
154
222
-126
50
50
-284
300
300
162
-54
-114
-110
-8
224
230
-52
22
238
270
-184
184
300
22
-60
-132
-84
272
-256
218
208
74
-36
-58
30
286
300
-202
298
-90
-210
-202
-90
-86
298
98
270
298
-16
-144
296
-162
278
120
116
12
-116
226
300
196
168
-262
-250
-72
300
-220
90
-168
264
36
118
202
300
-186
-36
-66
2
296
-90
106
22
26
-120
284
274
296
-2
-206
284
300
166
-278
272
224
202
294
-46
300
-70
290
-64
-88
-184
300
-50
132
-136
300
300
-16
-60
300
-134
-4
66
-68
226
60
284
0
38
-24
-58
26
272
-280
80
-198
-216
-84
68
276
-186
300
38
300
296
-292
-154
104
-200
108
-102
-292
300
-104
-42
60
-32
42
-38
202
298
82
266
92
-58
54
300
-166
298
-74
28
26
254
-22
122
300
298
44
-38
32
-78
32
290
210
-68
-70
-14
202
140
-8
-78
190
182
-100
-180
194
240
6
258
-196
-26
-168
170
248
300
168
-2
-172
268
-84
264
-96
-58
-196
0
-134
192
296
142
-226
168
-32
194
-226
216
-150
-142
-116
-78
-142
292
-42
280
276
246
46
154
-134
300
-20
6
48
104
40
300
-46
300
298
280
-196
42
-86
-186
202
-10
112
230
140
300
-156
298
300
108
164
-212
268
214
54
-206
300
132
250
220
-24
106
224
-290
-70
236
0
32
92
146
20
-128
-164
98
148
-200
-86
-296
0
192
146
4
120
32
300
-48
172
300
-32
46
300
118
300
76
-74
-212
-78
66
-146
74
-50
280
-14
258
244
-168
66
300
-36
94
226
-80
-72
74
270
300
-134
130
-66
-92
34
290
-28
-112
94
-114
270
-154
-204
-16
-170
282
-22
300
-10
-162
300
258
-208
104
98
296
-112
296
114
38
298
284
128
-178
-250
298
300
-36
300
210
-76
300
2
176
-136
114
-150
-140
116
-52
-40
106
-102
-166
-42
74
-24
-136
-244
32
-166
-216
114
280
118
-110
-80
-130
280
278
-190
22
56
200
300
286
294
-144
-108
-176
232
18
220
-84
300
300
178
100
180
-28
180
-178
-8
294
184
294
-174
106
54
28
-52
-102
286
276
300
-228
196
204
300
24
-228
226
-136
-50
-216
-8
-180
142
-176
-28
74
300
62
300
-90
78
-160
-66
300
298
-34
240
300
-188
-122
-100
174
114
-116
300
288
-88
-108
-102
-18
-36
38
300
28
16
150
108
292
290
194
84
196
140
-176
300
-102
240
50
84
300
58
300
74
276
12
240
-154
112
168
-134
-88
82
-86
-140
24
-64
-76
300
-188
300
-242
260
-196
238
266
260
-80
-58
-70
154
-160
80
118
30
-22
-42
104
232
-68
300
-98
66
300
-164
78
298
-118
-42
166
180
222
294
-162
-196
-72
-126
-18
-76
300
42
-116
300
256
300
196
-112
300
88
-274
136
184
-64
2
-60
256
140
212
-174
-90
40
192
242
272
-102
-48
114
294
164
244
108
-108
16
300
-118
-36
300
176
102
-96
-106
-96
-10
46
-72
98
270
132
-62
22
-180
278
-84
-62
300
-208
252
-68
284
-218
270
-132
300
276
298
-40
288
-212
282
118
-228
40
-64
-60
300
-74
-20
96
-80
294
62
-48
56
76
300
284
-66
12
-2
254
214
-90
-14
-192
136
-40
230
-94
296
-6
10
40
-198
36
-122
258
-204
280
72
-270
-178
122
-232
64
300
32
-134
84
-116
-174
232
300
-112
238
14
-98
124
290
-136
58
-172
-80
-58
296
-128
-144
198
106
244
-266
-156
-90
-122
20
172
84
180
300
-110
32
300
-8
-102
160
28
164
8
16
-110
-16
300
-186
-84
150
-122
-40
298
262
18
-46
-46
46
252
114
288
-40
-204
-64
26
52
300
300
10
204
-104
-38
-128
86
300
-172
-122
298
300
-182
-190
142
-154
154
48
18
54
264
100
-22
32
132
298
-154
-236
64
8
300
2
-112
-10
42
284
-32
112
-90
-154
-58
298
-34
112
-158
-198
-132
-46
26
32
-38
-190
100
232
56
-124
176
300
300
300
26
134
-4
-20
-40
166
226
-4
300
222
300
-250
300
252
-118
-64
-70
168
290
168
34
-82
264
68
-142
-52
300
-52
290
298
-250
266
300
154
90
298
-2
-28
-36
184
300
86
-82
-174
34
152
90
-26
294
288
-62
104
246
294
288
-258
180
264
-76
-6
-64
38
-270
220
-176
112
216
-140
-170
-94
64
182
-86
56
208
76
-14
200
-158
298
-80
-2
-172
96
-224
300
14
-118
-198
34
-6
-6
-96
-20
230
298
298
-96
-234
64
-102
198
300
-214
36
-242
-154
-78
18
32
-108
-118
160
-106
282
300
282
300
50
178
72
2
300
300
-128
8
88
-26
10
300
290
-32
-132
300
172
-172
-150
26
-56
202
284
-200
292
300
-82
224
44
40
300
-166
272
-86
-88
-22
230
8
252
298
-60
-184
164
300
-40
0
186
300
94
-18
300
80
-36
-128
246
-20
2
-36
48
300
112
-148
260
90
-182
-152
300
286
-218
-252
-136
162
184
300
-82
86
4
184
-188
104
-102
300
300
300
98
-48
80
36
122
-60
-276
300
6
146
78
152
34
196
190
300
224
238
-240
-168
206
-296
-70
8
292
274
140
166
160
-34
-42
188
-174
300
-80
-190
46
300
124
-80
62
-76
156
154
198
-214
-112
270
300
300
66
250
0
-128
20
278
300
-182
300
-214
-126
274
-86
-90
-158
-128
300
298
290
42
296
300
-8
-178
278
-180
-42
298
178
300
-34
98
228
-20
-122
260
-28
66
-86
-144
-196
32
24
140
-38
234
-106
10
300
-110
-164
300
-32
294
-166
-212
-168
300
28
-74
-64
174
86
256
-10
236
96
266
-26
-148
14
140
-76
134
-4
262
202
300
-206
234
288
-48
128
54
-74
-16
300
106
-100
-46
-240
-270
4
238
-14
74
-92
134
120
172
-172
300
-272
90
-96
26
-82
-78
50
34
-24
290
-206
296
104
286
14
-4
22
26
-62
-90
272
-70
-30
-8
-204
292
220
-16
288
-178
146
258
-16
-32
-36
-46
218
260
-20
-54
236
-10
-4
-34
234
-90
300
-46
-170
-96
-148
94
76
50
12
20
-178
240
2
-60
212
22
-126
300
-64
-84
-40
298
-278
-208
10
300
-60
-56
144
-2
298
36
34
-114
296
46
-18
300
300
300
-112
260
256
102
122
-182
114
30
142
4
-164
-44
-146
300
-26
-124
4
300
-74
-92
10
-272
132
-146
262
126
296
66
-106
300
-86
280
-34
144
-16
-54
-106
76
108
-262
-198
300
102
-200
-34
-88
286
24
300
68
0
0
184
194
68
-100
142
-88
52
296
88
106
0
276
-206
-90
-12
270
-178
300
300
70
-144
22
58
284
-166
224
82
-244
14
58
128
-54
146
152
-290
44
-98
-192
300
-134
184
166
-158
54
244
-142
254
-72
-90
192
-126
234
-68
134
78
142
300
-8
212
168
18
-64
116
68
52
294
178
300
300
-98
-74
116
300
298
146
-22
-46
-60
300
300
-200
-150
164
140
16
-26
48
-78
110
-84
-112
218
300
-190
300
-142
-80
-208
278
32
-118
192
-22
182
300
128
26
10
48
-216
244
-96
-78
-144
298
134
-30
156
-24
-212
142
-150
180
146
-18
118
100
-178
-222
8
-108
-4
22
-52
-84
152
108
-198
300
54
118
50
168
-162
68
300
-20
64
-82
22
194
-18
260
62
-94
292
-20
30
294
118
158
-46
102
12
-32
58
-242
284
64
-170
228
104
298
-194
-66
238
-104
30
218
-16
284
284
58
-184
-124
-142
46
264
270
-8
-12
-74
-152
198
-204
-176
-2
300
-160
130
34
-206
30
300
288
162
50
276
-246
-240
170
290
-148
300
156
22
296
68
280
34
-44
-66
-84
70
28
-62
300
-110
-68
174
202
-210
300
-194
10
-130
266
198
-52
-30
300
250
-2
300
294
8
300
-156
26
-54
258
-94
-76
66
-204
-218
260
-96
-250
-28
-62
118
298
-28
140
-98
300
-168
110
198
248
262
90
116
-124
-40
28
-10
298
-218
222
-68
-200
-212
190
14
286
30
-154
138
18
152
228
22
-204
254
-256
-86
-180
38
122
86
-150
-286
300
288
-138
-150
-130
210
60
-144
300
38
138
2
68
-246
298
210
-52
252
-244
-30
298
-176
262
-176
-86
-118
300
-122
244
158
258
52
222
300
-32
290
300
172
300
-90
272
172
300
-16
298
-44
26
300
300
-52
-270
-10
294
-118
236
-14
-184
300
132
-88
300
300
-202
220
118
2
296
-14
120
-40
46
166
300
300
300
-50
-104
188
20
300
-212
278
66
-24
-70
290
-82
202
300
-30
80
-96
140
300
24
288
-106
-220
130
-112
98
286
-76
-220
260
-62
-32
210
-76
62
-82
-126
-32
-8
-6
-152
220
224
-196
162
-140
-128
244
278
34
24
128
-104
-148
300
206
300
-134
-186
296
270
-30
-298
-178
178
300
-196
14
180
268
70
300
-22
0
-90
18
144
-18
174
-50
82
-186
18
300
160
-246
-134
176
-128
300
-64
-78
242
146
296
300
292
300
-134
300
-134
-46
78
298
-30
-106
212
-96
192
-290
170
264
108
264
10
294
52
20
-138
-28
300
-96
124
10
-212
-220
44
12
60
-210
-78
146
300
-36
-180
300
254
-16
298
-148
68
50
6
54
300
220
-24
296
298
-80
158
144
10
-190
216
-170
286
234
-54
296
230
228
44
-40
20
-298
-210
-162
4
-120
-42
-10
-142
300
6
-88
-54
-158
-98
300
-92
-90
282
80
-48
122
30
218
74
-80
300
-82
300
132
114
-54
300
-70
254
298
-138
-130
18
-172
292
16
58
40
86
-86
-296
188
260
-12
2
-132
234
300
48
178
-42
-148
300
206
22
300
86
292
136
-28
-168
238
300
-202
118
-72
-156
-70
-84
42
300
-62
-50
130
300
300
-248
-86
-28
300
300
296
300
168
-118
300
38
286
-104
48
-120
-174
-216
-120
-20
300
-138
-182
-134
-134
-68
134
-162
40
300
-36
-168
46
90
124
-14
170
292
300
-124
-124
282
300
278
158
-60
-96
-80
-92
-156
224
-160
300
60
4
300
140
-196
112
104
300
166
-68
-160
-20
-102
300
-90
-184
166
200
-66
188
298
0
272
-178
-92
8
134
196
84
-208
-120
-64
216
-8
-172
-268
-62
-124
26
300
-98
264
210
24
-26
-218
214
-124
14
296
-132
294
-34
-2
-142
198
-134
82
300
132
158
300
-178
-136
300
46
260
-202
274
288
52
-204
-64
300
16
152
-62
-116
-142
-166
-136
298
228
-56
78
-100
-130
-30
116
-6
276
224
-108
252
188
46
-146
206
274
54
300
-46
58
300
242
300
210
-114
44
168
-112
-58
94
172
-52
-44
12
92
132
140
300
-122
44
300
-194
184
-58
-114
222
144
-42
52
-108
300
-136
4
178
-60
48
-6
-68
300
-120
300
206
300
-64
-180
298
-18
130
62
184
298
-42
296
-46
180
-138
250
-16
50
-20
146
172
-262
88
32
136
230
220
274
298
298
-14
300
-232
234
300
60
200
140
-230
156
192
-96
-184
-56
-36
-98
-86
298
-12
300
114
-106
-242
-126
300
-86
296
-156
260
-132
-76
78
-16
46
-10
-108
300
282
-26
-12
-186
94
300
-16
158
204
-276
-176
282
-18
256
140
16
-246
228
-144
0
2
-152
178
290
110
300
-234
300
298
260
284
202
190
-36
-82
-170
34
170
298
-214
-134
18
64
300
102
-158
52
22
-178
18
-142
-32
162
134
46
-208
180
-224
-114
38
264
-16
296
-162
288
-26
-186
110
282
-8
-56
294
40
294
298
18
300
24
-148
220
-136
-174
-42
48
-8
-6
300
132
-46
300
274
-46
-152
-66
-270
136
-110
290
-24
300
300
80
36
290
-152
-240
14
296
-68
134
38
66
140
-152
26
200
238
280
-8
106
284
-136
-166
-248
160
300
300
94
198
-192
30
16
298
142
-52
-18
-172
-50
72
-82
-226
116
-116
16
300
20
-108
-172
0
44
22
146
296
-50
68
300
290
108
204
-102
34
234
-66
-78
146
-120
-146
-60
-50
300
144
-30
-100
-174
-64
300
12
-30
98
-90
-48
-32
300
102
-66
-50
32
292
62
170
110
236
-80
-138
-106
122
300
272
-30
-246
-164
-76
300
300
300
-70
22
-200
-142
92
66
98
266
142
-96
300
182
230
88
294
-206
130
300
-62
272
-128
-238
300
296
186
-132
266
-30
82
182
-90
176
72
-190
300
300
-14
282
98
-66
294
0
48
-116
26
166
276
-106
122
-18
-118
300
140
86
-88
104
288
256
56
-44
300
2
298
-258
-96
-136
-2
174
52
-88
-48
220
90
-76
-16
-248
-128
-94
260
-142
-234
116
-128
-114
282
110
120
294
290
300
138
-84
-22
184
154
108
18
-60
-28
-38
78
-40
248
280
22
160
-18
-96
294
260
-128
-52
280
-120
74
204
248
300
-104
136
-286
298
-126
-196
16
134
150
42
130
174
220
-8
-138
-110
300
34
244
300
-24
-124
46
-68
-176
0
296
-72
190
290
-126
120
216
300
-106
18
300
274
300
64
272
-104
236
-178
-116
-140
66
300
90
48
-208
-100
94
-216
270
178
-58
292
-62
220
300
296
212
276
296
146
46
-26
102
-154
298
10
-184
244
-12
212
-12
-136
172
50
134
244
298
294
290
48
-64
32
28
300
132
96
28
-120
144
300
-240
46
86
-128
184
-40
300
-130
276
-66
-12
154
-132
168
146
30
272
-286
288
-106
-48
-136
40
36
-148
-64
-180
298
-88
-106
-74
300
2
-26
-134
300
298
264
-194
-182
300
48
214
140
298
-12
20
-136
-214
-76
-180
20
-206
8
-50
16
48
110
300
300
148
30
48
300
-56
-24
290
-186
-56
-80
-86
86
300
192
-112
38
300
-34
-272
-56
-192
294
-48
296
42
-74
122
108
-158
202
140
300
-32
234
226
-138
200
300
294
172
-86
-158
300
-146
258
-46
-186
228
12
162
-90
300
-262
-152
-220
-184
0
58
126
140
32
30
258
208
160
300
-52
242
270
298
238
250
284
204
28
-56
-148
-14
56
26
-154
-258
-8
300
90
42
-10
120
300
296
296
274
-86
-138
54
30
300
292
-134
-100
132
-112
252
-102
294
4
152
-46
296
-52
-98
208
-172
48
-24
-72
-54
-138
170
-204
2
292
110
300
-110
72
198
94
300
-4
-196
-114
146
-242
6
272
280
-42
-106
-100
68
-50
18
268
-54
300
-224
234
-202
258
-254
128
170
-2
300
186
298
156
300
18
-78
-122
-268
-118
266
196
-108
20
-58
298
244
-34
62
142
300
48
108
-198
146
266
210
-54
10
106
14
180
-270
-268
298
82
-104
186
-10
300
274
120
32
300
0
-58
-150
-12
-38
280
278
162
-164
-42
298
-114
-74
298
-46
164
10
-6
240
198
-48
-234
280
-184
264
300
206
100
110
-222
300
104
-112
-10
4
230
136
300
-122
78
-146
166
-124
0
224
300
300
286
298
-40
-110
150
42
86
236
264
-32
-132
250
180
-58
32
-10
-96
298
-76
226
-40
114
-176
102
58
300
24
136
-80
-280
-12
-78
-188
122
-26
32
248
298
-40
-36
-32
-150
-20
-152
-8
-10
72
72
300
-2
266
106
300
-44
-46
-132
-168
-90
4
-180
-172
144
-202
-136
-2
-114
170
-164
298
138
286
300
-116
-122
114
-286
270
182
24
62
14
-62
264
16
78
-4
-14
300
300
-56
298
18
-262
-184
-192
46
-164
-168
144
-30
22
86
-8
42
-22
90
-74
280
296
178
-258
-48
144
-130
-94
298
-4
-232
-42
-80
12
300
18
176
-92
270
38
-162
298
62
66
300
184
-264
294
144
60
284
34
218
16
300
-246
256
254
300
206
296
284
224
-172
246
12
-234
86
-144
-170
-136
-162
10
70
-216
10
88
254
-124
160
-42
72
246
148
210
158
144
20
232
300
4
36
-34
-212
-158
-128
300
0
294
284
-100
64
-294
-140
-32
168
-152
280
100
246
300
-210
92
32
242
-46
-26
-100
90
300
-28
38
-126
86
76
-242
300
116
-38
18
300
-74
-82
280
-8
298
300
-142
-160
-74
264
-162
-212
-82
-8
158
28
284
-40
-72
-100
284
278
102
-158
-210
-78
-24
136
-166
-14
76
-242
300
-18
204
264
66
300
-36
-138
12
-52
20
-248
-226
-64
-104
-228
116
266
-114
-124
296
248
-24
162
60
300
-70
150
-166
230
-110
296
52
294
28
-188
-206
92
-106
6
138
122
-156
172
-60
294
-32
-200
-120
300
300
-162
62
184
8
168
160
60
-66
164
300
64
156
16
-142
236
-16
270
-166
-66
300
300
300
-218
300
16
-196
112
296
300
-196
-88
54
-108
292
280
200
-118
300
90
130
198
-226
-68
-138
272
288
-2
176
298
300
36
-46
114
146
68
150
104
-178
96
294
202
82
-98
-236
246
32
192
-232
156
-190
282
-38
222
-20
96
118
300
-30
200
-162
88
290
88
-184
-220
6
-130
298
300
40
-114
-220
-56
26
-202
-112
114
252
300
74
-12
-132
260
-200
300
-126
10
22
-164
274
114
-108
-100
28
-26
262
28
-20
292
-186
-30
-52
-82
18
88
216
238
70
-70
-108
300
278
-128
246
-18
272
-150
-208
-114
300
96
202
300
100
-98
12
160
224
126
36
298
-218
-258
106
282
24
208
300
96
176
84
-34
-136
250
-214
-6
26
300
298
50
290
-184
82
-70
82
300
-234
-212
284
-184
-148
2
10
-40
-270
-80
34
146
288
74
-26
128
-112
-82
278
-212
-32
-170
124
-42
6
4
-18
-58
264
-14
60
-18
-190
300
-120
286
182
126
-32
138
-92
262
-106
-160
-202
256
52
228
300
-74
-136
-112
152
290
-222
84
128
300
-54
-8
-144
104
104
8
-210
300
36
38
-144
-70
-28
-62
-218
-168
294
-46
-132
108
124
78
40
284
-128
108
66
-162
300
300
24
-102
10
300
70
272
108
86
60
-148
-8
-30
252
-42
2
300
-30
124
-140
292
298
-68
16
-232
248
128
-96
162
-28
-66
192
248
30
174
-184
280
240
8
-62
-216
-68
54
214
274
-58
0
-162
40
64
50
-130
258
-10
-92
296
220
-56
238
-170
156
194
50
250
292
-102
-200
12
-16
-74
-102
-218
-68
-40
300
280
-92
300
-88
300
290
292
286
294
-56
128
300
-112
272
298
-192
250
-16
-138
-118
300
298
72
-156
278
-24
86
-42
-248
-60
-38
128
278
18
232
30
116
150
272
134
-120
298
110
122
48
-168
-50
62
110
300
10
230
292
30
278
128
188
272
140
282
34
272
200
-242
28
-128
-22
80
-76
106
240
-72
16
296
66
26
-4
-8
-98
-56
-40
258
-16
-80
4
170
34
-180
264
184
236
-242
52
-120
-90
88
20
292
-288
296
-36
-98
-148
-218
14
66
-222
-202
36
248
-168
254
234
-6
300
296
300
184
74
300
-150
74
248
-66
-126
300
-200
158
-48
258
-52
264
34
286
152
-186
30
300
226
24
-128
246
250
158
-194
22
-14
134
-20
300
-62
294
300
194
300
238
-106
38
-60
-138
242
300
-140
298
-130
-68
-176
298
-30
300
296
292
68
-276
170
166
298
-218
94
54
-110
300
296
-186
134
-8
110
200
-216
298
-78
-134
-8
146
-68
250
300
82
262
-222
14
126
-102
-196
290
-112
-96
-58
138
66
-152
98
-86
14
300
-52
-32
-60
-230
-152
-24
224
-140
-20
-156
296
-248
152
236
300
86
-220
-198
198
300
300
282
-184
-14
300
12
-96
220
246
-194
-76
300
290
-128
-290
66
84
-110
284
222
90
144
300
20
-78
-160
92
118
-144
-92
66
-194
-118
218
300
-8
92
260
-50
300
-182
294
288
246
254
-136
106
182
178
42
174
-48
26
64
-226
-2
300
-194
180
2
-42
-36
20
-124
78
-22
-14
80
122
-102
-22
110
134
294
-182
-142
84
-56
22
-76
-88
270
178
-28
-172
298
32
182
-216
250
296
0
-34
-112
-114
-200
134
238
134
240
-126
-122
40
-24
-14
-174
-32
-144
182
-90
198
-178
-52
-212
126
-90
78
44
108
300
-78
-6
28
-40
300
-88
-4
300
-32
-74
-12
-100
44
298
300
22
74
106
-114
-108
230
-40
-110
178
88
172
-162
-104
4
230
72
-174
134
-172
-114
300
130
296
154
-28
-178
-22
300
298
-212
284
260
128
-150
94
222
54
300
-90
290
8
272
-144
-114
-8
158
-98
180
-114
-112
-72
-14
300
-256
-130
298
300
64
34
300
300
186
-90
246
148
88
-196
108
142
-52
300
-214
110
140
-162
38
162
126
300
-30
38
300
-2
-16
18
220
28
40
298
36
-212
-20
-70
72
300
-192
144
116
40
300
-90
286
-164
54
176
-4
-224
78
-52
-32
298
300
-38
294
-90
0
20
28
-136
122
-16
300
184
300
274
112
2
-80
204
98
250
-176
296
-32
280
-64
152
162
-212
270
152
140
-130
300
-18
178
260
-146
300
126
300
-196
164
76
-44
52
-46
82
300
-76
50
-118
300
296
72
300
300
-182
276
70
-4
-64
300
-140
300
2
-96
274
40
20
50
-158
-134
174
-66
0
112
-58
298
300
110
270
-46
38
-100
226
150
110
-6
300
-40
300
124
86
148
-108
114
58
300
-18
-126
-42
300
-102
256
274
-226
-104
-62
280
106
300
134
-178
-130
48
-124
292
300
178
144
38
-48
270
136
4
-136
130
270
276
-72
220
18
-126
76
158
300
-40
2
-110
-242
-104
-222
-78
-22
46
194
300
34
142
30
18
-246
-8
32
-96
254
-40
-226
-194
-30
300
-170
-126
64
258
-162
62
-100
300
300
-98
-208
300
-10
230
-102
-58
120
-12
300
248
-6
300
-112
-8
4
-152
188
92
-202
-70
186
24
136
-148
174
-64
-120
-178
-112
62
220
60
190
-82
140
-182
-166
110
266
298
260
300
58
-274
134
68
-66
290
294
250
72
300
152
-68
130
-104
300
298
-76
298
160
-12
190
-206
286
50
128
-92
4
178
264
-140
-180
212
82
-54
266
300
198
136
60
-32
64
2
-192
298
-168
-176
-90
270
26
254
16
-186
108
294
-124
262
148
180
102
204
-112
-74
220
296
-200
-202
32
-214
242
-38
296
-116
118
86
-54
296
-218
66
-42
-142
-8
252
8
296
82
-140
298
298
-216
156
298
-2
200
168
300
290
126
298
90
86
264
108
22
-30
-198
-20
74
202
138
-122
-16
-176
-298
274
300
300
-86
-134
206
-140
196
36
300
-212
-16
-154
-122
20
62
-4
206
-110
-48
-18
-86
276
270
-146
300
-96
-152
200
-226
184
-40
22
300
140
296
294
246
74
-50
-208
-204
-148
28
-138
260
234
-14
296
282
-264
140
-116
88
38
134
50
104
74
264
-124
242
4
300
-164
292
-36
256
-44
-120
274
30
280
-130
300
142
2
-278
-62
254
-18
264
-154
158
-128
298
14
-122
212
-150
-208
204
-96
218
298
-26
134
-220
290
-42
-44
280
58
246
152
104
292
-154
254
-82
68
282
-214
86
286
300
80
62
156
-10
-32
238
206
72
-46
-10
156
20
26
300
-178
-234
112
-64
-84
-96
142
98
-172
298
-202
46
44
300
-262
-120
-48
-88
14
-186
258
-216
202
150
-198
296
6
266
54
272
296
-166
-16
-102
-154
142
-84
122
28
-228
-108
122
30
172
38
300
256
140
300
-106
-8
298
300
-66
-206
300
-126
-66
116
88
4
114
60
-32
-96
244
-40
16
124
100
-148
52
-216
-276
-206
300
298
-70
300
-104
50
-30
300
20
-148
80
-76
174
-160
300
208
120
296
146
-166
244
-2
-78
166
300
-158
-158
-14
144
18
-60
-164
184
-138
156
-190
-198
-58
-54
-38
-262
10
-156
24
300
300
-34
-52
-32
130
78
300
-144
298
248
10
10
300
-130
-96
-34
-112
158
-32
-18
94
296
300
-266
-162
-76
-112
276
-26
-138
64
156
300
298
92
-174
300
-190
134
300
-10
-192
76
-100
204
258
100
8
124
300
110
-128
236
46
-122
-90
-116
-38
214
-174
80
-34
300
60
226
48
298
-8
-114
44
-34
-48
-28
118
-62
64
78
286
300
280
42
126
-34
-194
-34
4
-82
280
238
284
-156
122
-42
-156
-84
-56
42
-186
16
-122
68
232
148
-80
-204
276
114
46
152
-130
-110
42
64
300
32
182
194
-46
-278
-116
-126
-56
300
246
300
196
300
-80
146
-198
46
284
-234
-10
22
300
68
-90
-98
-12
-206
232
186
-26
-4
30
-48
-168
266
-24
152
142
148
230
4
8
-156
298
296
298
164
132
-136
228
300
16
-222
-252
122
-130
300
-114
20
-170
-224
266
-6
-84
300
94
282
50
-28
232
174
290
-160
-134
-104
-102
158
52
224
122
-184
270
102
-148
-26
290
300
-48
12
152
260
218
206
282
-24
300
-110
36
218
260
300
-4
-2
212
-138
300
274
6
298
28
-6
20
20
148
-44
200
94
82
-114
136
-202
-66
300
218
-174
300
96
-46
-32
30
274
-42
14
-260
-202
298
198
-64
198
-126
4
-202
-160
-100
-100
294
198
84
-10
250
128
-168
-190
188
-126
-118
-24
-98
204
-114
-62
300
4
-138
-12
-254
148
-152
-220
2
-128
28
42
24
-244
-100
212
-190
100
164
-158
150
118
-60
-28
-46
-128
300
-40
300
290
212
80
244
36
210
194
272
38
152
-256
-92
300
300
-94
282
-246
-136
300
300
254
42
-4
160
210
74
-20
-36
