300
20
-36
60
228
154
-4
298
62
300
-238
-56
12
272
294
124
234
-224
48
242
110
88
62
-76
-162
300
282
16
152
-220
224
-140
-18
-134
-154
-232
284
88
300
-150
210
204
36
300
266
104
300
-268
300
-82
-254
150
202
300
90
282
178
300
-24
300
52
-80
256
300
-256
300
300
-192
-154
-178
266
-80
-6
-120
152
300
122
22
294
-150
-136
156
202
-282
-70
198
142
14
300
278
300
-90
-16
218
246
138
64
300
-216
84
300
60
300
-210
264
-26
300
144
72
-198
208
74
-142
298
-58
-242
104
-266
298
298
98
-38
296
-222
242
-46
110
300
-118
-128
-132
140
292
126
90
-106
70
300
-188
64
284
286
14
300
176
260
226
300
158
-164
300
296
-50
284
-6
222
-6
200
192
24
-190
46
-228
-74
64
-52
176
208
212
260
280
-126
-52
54
-80
-214
166
300
288
56
10
-6
36
300
6
240
-184
-186
168
164
300
-56
196
92
-68
284
290
36
-94
256
-130
278
-56
174
204
290
0
-86
224
80
-166
-280
-52
192
-88
300
-256
4
300
-10
120
-88
34
60
-158
254
300
28
132
288
-20
294
-100
34
-130
220
-162
188
266
-82
300
-6
-196
300
-136
-142
-154
140
-136
96
-272
-12
-244
296
264
-238
-74
248
-260
258
-138
-54
-60
-182
298
-69
42
-192
-38
240
-112
-106
196
-158
298
250
-14
-62
-86
-88
298
-72
-104
262
300
70
-110
300
-110
230
198
-88
-146
294
-12
242
300
74
154
72
224
66
68
-12
296
300
20
-132
300
6
76
106
-66
-118
300
298
-126
-96
186
-66
-150
-206
118
-154
-16
-14
282
122
300
-164
52
-74
-68
242
62
-64
158
148
48
176
300
300
140
138
84
298
290
258
-172
298
64
-42
196
-136
-94
-170
236
86
-158
84
300
264
148
-212
-226
-70
230
300
-40
-234
-100
30
300
126
238
282
300
-4
-156
-106
14
34
-250
-114
34
136
164
10
-186
-182
-120
-148
-292
202
64
168
-130
-26
300
198
-278
300
-98
-208
72
300
-78
-124
292
-42
300
-80
58
-142
66
-32
-250
300
-82
300
-80
-24
232
70
154
-130
300
184
-142
300
124
262
-62
300
300
94
42
246
84
-122
-124
34
-140
300
-234
-106
94
-38
-54
54
-198
-162
220
110
-102
300
194
-164
50
76
174
236
-188
14
34
-34
-134
46
-80
34
234
234
134
-112
136
182
-152
300
-150
60
88
-106
-248
-60
194
20
178
300
194
300
-60
136
-218
-204
-30
58
264
-106
12
146
280
238
298
-26
74
54
-170
-268
-216
-70
182
-26
-150
176
-146
-130
-2
-32
8
300
116
-32
296
232
-86
184
102
-92
16
196
-172
-134
254
186
298
66
38
-126
212
150
300
124
94
300
-102
290
-96
206
168
24
6
190
118
-204
-158
160
-46
-14
52
8
12
300
36
-214
82
300
-210
54
-136
226
300
300
-120
118
284
252
102
72
-2
-32
230
-186
32
6
-50
300
26
44
6
-102
-164
-24
162
-146
158
62
82
-40
298
156
294
254
52
136
-60
198
-30
-94
116
260
-118
300
-16
-164
300
210
10
-10
-44
82
300
-134
58
-68
-20
300
292
24
-20
68
236
300
-20
226
286
-94
-62
254
-14
184
10
80
296
-26
-20
-176
-182
-26
56
-236
-120
-106
94
-86
-70
128
-50
240
48
98
-18
200
-26
300
160
-114
54
298
228
162
-50
-4
-266
4
300
276
34
-90
130
188
222
166
-78
278
300
190
254
30
178
292
-128
-126
-56
230
78
46
-186
300
82
-156
-56
284
-130
-156
-162
84
106
300
-50
-68
-248
-16
52
174
296
-220
-38
-24
-86
292
-86
300
8
110
-106
64
170
-42
142
-184
76
-236
-166
-74
300
-46
292
-50
64
-126
292
-48
-52
276
58
-218
110
300
-16
-126
-68
142
-26
-62
254
-26
-100
268
8
240
-10
-98
-60
194
-202
2
188
62
-130
48
46
300
70
268
270
58
-152
258
298
-116
-76
64
96
38
-28
132
-98
112
300
-74
220
60
252
-134
-142
-70
-174
294
-118
-48
6
106
106
244
200
-72
300
12
-88
102
272
208
300
74
298
300
300
234
250
300
158
22
52
-34
-180
274
-178
294
-208
16
300
100
166
-34
-96
-170
-162
256
-244
222
300
-4
158
-72
216
168
300
12
28
300
212
130
6
-104
250
-222
-176
60
48
-170
-78
236
-240
174
300
-134
296
-168
112
-22
-8
-188
124
262
-200
-26
300
54
236
300
280
148
-182
-114
32
288
-76
276
122
-4
266
282
140
112
-6
76
152
-22
-52
-116
24
298
32
-162
-128
-74
-122
220
-180
-34
300
300
-112
296
4
-116
6
80
-128
-10
76
-160
-88
-132
-28
260
-64
246
-194
18
20
232
-172
300
-18
218
-90
28
30
296
154
160
2
-148
-90
296
-108
50
-106
262
120
300
76
114
276
-148
-36
300
-96
64
-66
-50
-56
-276
296
78
20
-70
68
140
296
228
296
264
-62
86
184
160
-180
-172
-156
-22
268
-40
-172
-128
-296
290
148
-152
22
-14
-4
14
-172
274
126
-138
-148
-6
-80
-72
-222
166
-102
240
4
298
176
-182
284
234
-140
-164
128
300
-86
300
26
-118
300
-8
-102
246
300
24
-54
194
300
-2
264
6
-76
-96
-270
114
-120
220
40
18
16
-48
146
-116
50
-44
-98
50
38
-18
-248
-64
102
-282
300
-74
-82
-110
46
-220
300
-186
230
112
-30
-18
-104
-242
-140
54
154
186
284
-18
18
86
70
-70
70
184
128
42
-204
-140
188
-246
-190
26
-118
-188
-240
32
128
288
-130
-56
-56
64
296
266
36
298
220
-138
50
166
296
-50
294
300
284
-166
300
122
-12
-42
252
14
92
118
0
176
184
186
-108
156
298
108
272
146
-194
296
270
48
124
-128
-100
300
-48
-140
-122
100
-252
298
-160
220
-148
272
-120
58
-26
-192
82
-200
-186
158
102
262
-58
-52
-58
300
300
232
12
100
-140
-172
-70
300
300
200
-42
12
-22
-34
236
70
-156
-34
300
-38
78
-206
250
-166
292
2
296
284
-124
262
-2
298
298
-102
300
-2
300
-266
158
164
-124
230
18
58
-88
4
196
216
296
282
-136
258
-38
138
300
-242
110
96
-28
-116
66
268
-68
132
300
110
-136
264
184
184
214
262
252
300
298
202
298
-104
-98
48
8
46
300
242
-2
110
110
298
-66
118
290
68
-54
-78
6
212
300
300
108
144
246
-100
300
176
-90
28
300
292
134
-174
108
-66
-166
58
-138
274
-164
300
-56
212
-28
226
266
2
300
-56
-22
210
-50
-182
-144
64
-192
-122
300
-112
28
300
172
234
-62
86
300
124
8
-164
22
-264
300
8
-20
-84
120
-148
-40
300
300
-108
286
120
-86
-192
-160
-114
-36
-198
36
68
8
300
298
274
-138
286
300
232
300
66
130
156
296
-46
0
48
168
-162
162
290
40
124
84
300
-144
-20
-186
-36
232
-80
-138
-124
-12
200
122
-168
182
232
76
300
182
-256
-286
300
122
-166
264
292
-136
-66
-92
-106
122
300
66
300
250
-72
214
-192
-30
296
40
140
156
-78
82
152
-126
198
140
296
298
-230
300
-102
96
-90
224
-176
224
196
-148
270
286
-6
12
138
-124
54
-124
-270
-8
-126
44
-66
-170
-72
300
-66
-84
50
14
100
-216
16
-200
300
-100
300
-50
-84
186
242
52
36
268
-50
-8
228
300
198
300
138
-16
300
300
278
104
86
170
-146
300
300
108
-34
-18
-30
-122
-194
-188
-100
-78
72
-176
294
252
64
-246
20
68
-142
88
300
300
-24
-110
-88
-214
-166
34
300
178
-140
-86
-176
-110
-296
6
286
-170
-48
-114
300
300
182
194
-92
-100
46
300
-106
-34
288
68
-38
10
262
46
108
276
-56
170
300
80
92
90
-242
216
112
-72
118
-54
-60
-30
206
52
300
-50
300
-222
60
154
250
292
-146
184
268
42
278
-130
276
52
216
-92
180
132
108
32
214
126
-2
-52
-184
-160
18
150
300
20
210
238
-148
300
-146
300
218
54
274
104
-148
-92
184
2
60
-154
38
-252
76
196
156
-106
94
298
-34
300
-176
220
-64
-68
56
-6
-144
10
-104
-174
34
-26
-146
260
-6
220
-170
270
-106
-176
300
286
0
-158
246
-148
132
114
-160
-222
146
82
-206
-238
-58
300
-236
130
168
-214
124
-140
-22
-70
-130
266
-284
98
-176
18
212
128
290
286
14
198
-20
-206
298
66
300
-28
164
-246
48
300
-264
-8
-36
70
300
300
270
16
-24
296
-12
-56
-150
226
-154
-86
162
-22
176
-10
300
-202
146
212
74
-84
-208
242
-100
206
206
278
298
168
38
214
88
174
300
194
298
296
14
-146
244
120
294
-70
284
-182
118
272
300
210
296
-86
-176
298
224
98
38
120
296
128
-58
-10
-180
-22
40
164
-140
-68
-28
120
22
176
-4
-186
-82
-50
182
-180
258
-66
-142
-86
94
-132
126
-50
70
292
-148
-82
242
300
-64
68
300
-84
-58
68
98
-16
296
278
-54
-88
98
262
300
-156
-66
242
38
298
-136
174
-66
232
286
-124
-152
-66
272
4
300
242
-214
-126
288
-44
184
298
46
-124
-194
210
22
2
232
24
-66
-52
-20
248
236
102
-252
20
134
-178
118
300
212
-26
300
-140
16
-60
108
-114
-16
-160
290
-176
18
-138
-96
-118
-98
-192
-22
190
-162
-142
-154
210
-232
192
300
160
-62
162
62
234
280
-110
242
-126
218
44
-40
300
118
300
88
-94
-54
300
-48
-106
-56
40
300
-14
228
-256
-184
-26
230
276
296
282
-76
300
20
-178
-232
-70
300
-128
270
92
300
-54
-116
-80
-40
204
300
290
-186
-212
216
-88
14
58
142
170
-62
-72
248
256
-166
296
106
-78
290
300
168
298
-132
-54
290
92
-44
-240
106
-60
-4
254
-152
246
178
254
44
-136
-144
-168
-180
20
226
-150
-212
144
-130
106
-34
252
-20
-10
-198
8
-204
56
-4
76
-188
38
-2
300
-30
168
-124
-142
52
290
-14
296
-48
-20
300
300
198
300
-64
300
-96
6
-220
278
72
52
78
98
-110
182
150
84
-198
-294
164
198
6
152
22
300
-88
-58
28
62
-122
-160
-182
-154
-20
300
300
238
-66
-50
-300
134
300
-20
-4
-130
-32
198
24
116
-212
-56
38
30
6
266
298
154
200
190
-238
-192
16
210
2
150
300
110
-146
-222
-112
86
114
-86
82
232
182
262
300
90
-124
-190
270
-92
-48
254
-224
62
-80
-42
122
-34
92
-14
300
-144
298
-26
-38
8
-116
-168
126
-154
16
-84
88
-82
-98
-100
-138
-234
-186
-132
-36
300
296
-18
254
-192
-96
-74
230
102
-264
280
298
122
-152
236
300
-14
-236
-118
-52
-134
18
-118
270
-30
-218
-172
-200
-300
300
288
-202
72
300
70
26
-138
300
300
122
-196
-50
300
-162
56
-140
-154
-106
-14
296
-102
-72
-16
-264
112
-18
-102
300
224
-134
-120
-186
254
148
286
300
-176
-252
-120
12
-148
68
-166
270
274
-142
18
148
-94
44
124
128
298
-166
-60
66
150
78
300
-188
220
296
108
16
196
160
296
-56
-106
-92
-246
300
300
256
-176
-228
-158
202
192
60
260
164
300
122
234
-108
136
46
290
-98
120
296
270
-168
58
-94
300
46
-20
30
-150
114
-226
8
250
24
-134
46
182
-252
-22
246
272
-8
-30
300
290
300
-82
250
72
292
300
12
244
-234
280
-66
-136
144
146
-76
26
-2
298
82
138
52
92
-20
-16
172
300
-116
300
294
74
14
-50
-142
-162
-44
12
220
-36
260
300
282
-228
230
-118
-78
300
-162
300
8
-76
6
104
-66
62
300
-196
-84
-174
24
-22
28
-158
64
2
-154
194
38
30
-32
280
212
-96
298
300
164
-52
-110
296
-48
90
290
-118
300
22
300
2
240
296
-52
300
2
144
300
-6
10
124
32
-102
288
-204
242
134
166
-4
36
18
-242
-190
296
298
-154
252
116
142
-90
112
-84
278
268
300
8
-140
-34
-78
-206
-112
-170
90
-140
-112
300
96
200
-4
300
-178
-106
206
92
-180
100
208
298
278
122
-66
-80
300
142
300
-70
-268
72
186
40
300
164
-108
66
-194
-198
84
-268
238
-174
252
-46
290
152
300
-218
-10
-58
56
-48
108
300
220
-152
284
-222
124
-84
-83
-98
224
104
-80
-80
20
192
300
70
248
210
-132
-50
-152
-212
-66
132
174
294
-64
-58
114
-226
300
-82
220
300
-88
298
146
-152
-110
92
262
238
-4
300
78
-144
-84
-48
80
-88
300
298
26
-18
-118
38
300
-98
216
300
298
-84
18
-174
116
-268
-72
-162
300
214
-30
-88
104
266
-60
116
-208
-252
108
-252
-154
-52
186
-158
110
-164
300
-52
116
122
178
286
-2
-158
216
-32
108
-128
228
28
-76
-122
12
34
-214
252
154
-64
-28
206
290
-60
120
-30
-68
-40
-64
296
238
-84
-266
-196
-146
300
-204
-52
76
200
-90
294
-252
100
292
2
180
232
134
-12
-16
-122
-48
292
-240
300
-122
300
300
170
-204
210
86
264
112
-22
-76
144
18
-142
86
-170
122
-168
100
296
124
204
84
-88
-154
-64
300
42
-130
-142
122
152
288
286
168
290
300
-118
28
-60
210
-188
-196
-74
-174
-96
254
16
144
-2
-152
234
146
108
-40
58
-70
38
10
-118
126
-40
-32
42
-86
300
-186
-24
262
244
290
-114
134
238
242
274
36
-190
62
260
166
264
134
260
-78
278
238
-70
-204
300
-24
-36
-80
146
-104
-88
138
278
-234
292
42
-40
50
218
-58
270
300
158
-128
120
-194
-158
-14
258
208
300
-106
-182
300
240
278
-102
-138
-102
300
98
-156
-106
-180
290
126
292
-100
-28
-222
-102
154
208
-242
48
206
108
190
136
-128
42
-102
-70
-140
-8
-72
-134
138
-162
12
262
-114
216
300
-112
90
258
66
10
-158
300
-178
10
-204
110
-20
-164
162
300
290
-88
238
168
30
-204
300
10
62
162
194
292
-208
-204
300
-206
278
200
-52
-170
124
-172
282
116
234
300
96
286
292
16
-24
40
-42
48
274
-10
42
-10
276
184
218
98
40
206
-142
-134
188
-178
290
274
190
300
-36
-148
-212
40
184
292
170
-58
-168
16
90
282
52
144
2
300
-40
-50
0
68
168
100
62
-4
-72
-132
46
10
70
290
90
28
300
74
-26
-238
-86
224
-60
162
-182
180
-2
-52
66
200
66
-196
104
296
-216
86
10
258
-26
268
294
132
296
300
46
50
296
-118
-52
6
122
-8
300
298
298
134
300
-106
14
56
116
-180
300
-94
274
264
42
10
300
-52
202
150
-156
-86
-22
120
-12
-28
-28
184
-108
-94
-142
134
300
300
-30
116
238
268
168
300
-122
300
158
-78
-92
26
132
130
84
172
-28
-226
-52
202
-178
-196
-250
300
298
160
-162
156
300
-148
-160
-142
300
166
-136
300
226
-38
246
48
-36
300
-150
-80
146
300
-218
194
220
168
280
300
-236
286
-120
288
300
266
210
-70
278
4
102
300
-44
238
266
-154
-30
-10
74
-98
-90
-8
68
-62
300
24
300
28
-248
26
28
56
-128
92
300
-8
-48
300
294
168
160
-24
20
300
-178
82
-14
-260
146
-158
-164
300
-104
94
-64
264
0
-92
-148
124
-226
-96
0
-76
300
22
-50
100
-78
-46
-88
42
176
-14
-56
-76
-90
-106
-52
300
86
-70
-170
4
300
10
0
104
286
258
246
-28
300
244
-116
-106
102
246
-222
70
-48
-202
296
142
300
268
-56
-92
-146
34
46
-86
94
-192
6
24
110
96
-102
18
-226
-122
-52
282
264
274
-114
-44
300
64
290
298
-104
154
-166
230
294
148
-64
-102
140
-128
-106
294
-86
-194
-170
112
86
16
162
-216
298
-202
300
-54
50
-26
300
268
124
-58
-280
32
300
286
-30
284
70
-84
226
22
78
-90
-188
300
-182
280
36
-156
-100
60
266
62
-174
-126
280
74
-70
-8
-66
192
-146
10
292
-146
80
-170
28
14
236
164
270
234
300
270
-176
210
300
300
96
106
-98
300
66
14
6
288
300
-68
16
-114
192
-56
34
-220
130
-164
136
-38
102
260
202
-10
-136
-24
272
298
300
-80
-76
28
300
114
-124
290
300
88
-156
300
122
178
-194
188
-186
188
-196
168
168
146
-80
-94
160
-146
226
-96
40
68
28
-20
300
-50
144
-202
-104
40
88
296
-16
-220
300
-100
254
-126
-144
-24
280
-162
-146
-180
-138
220
-254
204
300
-212
-154
204
-96
-80
36
-40
-138
-60
92
-72
-168
108
44
214
94
164
-130
-178
300
-94
208
300
-112
-132
-120
258
236
86
50
300
300
-84
196
46
-156
-60
-68
198
-46
-14
24
136
88
68
-62
200
-282
220
-86
16
-152
-14
-132
88
54
-18
234
200
114
-72
290
-98
218
274
298
74
-270
34
42
-166
86
18
-44
130
-182
-22
0
62
-230
288
-78
70
-30
-20
300
42
184
-86
174
300
112
292
288
-234
298
28
46
214
292
124
-56
300
250
196
-16
-168
108
-218
220
-10
296
-34
-206
44
36
204
30
-258
-192
48
-108
294
80
78
288
-128
300
232
300
156
248
88
300
300
234
24
82
292
300
-58
-58
300
32
-112
182
268
-6
38
300
134
0
296
244
2
44
248
268
-122
152
-210
278
-70
76
-40
300
38
86
-38
-158
-116
180
298
-58
300
180
174
-48
-238
228
-138
40
-270
56
-62
-204
-78
270
166
118
-232
100
136
292
220
112
-26
-36
-122
-186
300
266
280
300
-4
-78
-152
-172
300
300
300
112
-98
-70
-256
262
118
170
136
50
-48
16
300
300
-100
298
126
224
-30
198
-188
240
-10
-184
-208
-198
-84
-80
300
24
-160
152
22
-178
148
284
-16
200
28
-146
-170
282
194
98
-12
258
256
244
28
264
294
300
6
-116
-144
264
-128
292
248
-54
300
118
-34
-8
-146
-114
140
162
88
-30
280
-14
-162
218
98
290
-252
-116
300
-32
-164
-272
-42
294
300
292
296
48
154
188
204
140
6
20
152
258
296
298
300
300
-8
134
-234
-134
-242
-46
214
-174
-244
76
-114
104
-214
300
-168
-74
-62
244
104
-104
40
18
72
300
298
300
300
212
-120
118
-140
8
48
286
102
280
-56
120
230
-84
70
-44
-124
-16
-144
-190
-92
298
-84
-202
84
-78
300
278
300
252
298
-94
-10
204
234
168
280
-212
-32
294
258
258
294
-138
-168
-122
156
-96
-180
-182
-216
292
134
228
-12
60
110
176
300
274
300
-202
4
-12
-130
18
146
-38
16
194
-162
-78
40
-56
-120
110
100
38
34
290
-186
-122
-208
270
-6
-4
-124
-46
-14
-84
110
300
118
-108
244
-36
286
56
208
44
84
-98
12
64
-70
-144
-48
300
210
-108
262
80
14
244
234
300
-104
32
56
272
-256
-96
-172
180
-88
50
232
-6
300
272
288
-52
274
-114
296
-44
300
-30
282
-228
298
104
-168
114
-76
-212
300
90
8
210
62
240
-190
4
-16
-72
-136
132
40
-174
-42
150
186
220
172
-30
110
264
270
300
-194
-30
274
-78
-182
-110
-62
-180
-144
-90
118
36
-30
-204
-212
-92
-160
92
266
236
146
-84
-120
32
-102
16
146
98
-158
-180
-50
24
4
298
152
-102
-118
300
-26
-142
-150
290
280
-6
300
-74
98
78
258
300
88
300
-102
102
300
16
-2
-126
-274
74
232
-54
-224
-186
122
-24
148
-76
-138
136
292
18
-184
-292
-66
-90
300
168
-96
-24
56
-212
-80
242
-96
68
-12
-170
-44
-54
-126
210
300
6
-116
150
-190
-174
-214
270
-210
126
42
-174
-32
130
-116
-172
58
-140
-10
32
126
-88
300
208
-94
238
152
-180
290
-138
136
-166
68
228
-24
82
-164
-90
262
38
292
-38
90
74
232
-48
-134
-138
-92
192
-206
188
240
298
-42
198
56
220
300
300
236
174
130
148
-68
40
-32
-170
256
4
-170
254
-216
122
148
-28
-94
258
268
-140
300
-112
-146
294
94
-84
172
224
134
18
220
290
6
-120
-102
-244
-222
300
-42
-142
60
150
300
-120
216
-90
-30
118
-28
-38
212
286
250
-44
-52
80
286
-122
-72
-44
60
300
-202
110
212
-20
254
112
-44
298
10
-228
18
-128
-56
274
106
-18
-178
296
298
-48
164
2
-236
-88
300
206
268
52
-60
36
282
34
188
-122
88
-150
40
50
-146
260
-22
84
16
282
2
-138
-74
288
-42
300
-106
64
-282
-94
128
-12
-90
300
-24
-82
4
-34
94
-44
120
-56
-12
300
-86
-88
130
238
-16
-140
-142
190
116
300
-32
10
232
-258
-86
300
136
-62
-178
-66
74
106
-26
-150
-206
200
78
-12
-44
-282
16
134
300
294
-126
248
2
156
-176
-14
-10
-18
300
-14
4
300
-178
40
18
44
152
-248
54
282
54
220
246
282
-172
60
104
-128
-126
272
4
-90
276
10
-102
300
298
230
-244
92
126
26
142
70
28
-266
-52
2
76
102
94
-56
-174
-164
298
-92
-156
-26
-54
-72
84
-168
300
300
196
246
42
300
292
-156
-110
44
-154
-54
56
-182
-128
300
170
-16
-26
300
46
-190
300
194
-12
300
66
22
30
40
-210
130
-40
214
158
282
110
12
256
52
-156
-76
-54
-166
-182
300
294
-150
-4
204
28
300
-192
120
108
-30
-74
164
-60
86
-158
294
-66
168
-230
300
134
162
-6
190
234
102
-68
296
-180
122
-80
-34
124
126
34
282
-108
294
198
102
256
-36
294
298
-48
288
300
142
-104
-160
294
300
278
178
-138
42
290
24
-98
-222
142
-46
22
-110
0
80
66
-42
288
252
-106
104
36
40
-72
-180
300
260
-170
300
294
294
-24
-100
114
160
116
-180
80
-56
4
266
-18
300
98
-162
-112
274
244
210
264
88
-24
-106
-28
300
16
124
6
8
84
300
134
266
44
76
-232
300
256
298
10
-12
294
-12
300
44
24
28
94
148
-136
-88
300
70
124
146
-20
298
-102
268
64
-70
-144
-194
290
-24
54
-40
106
30
-192
-32
-48
282
-126
300
-248
154
170
-12
94
48
226
0
-122
176
228
300
296
158
-84
-76
58
300
-26
294
-72
-88
-18
-214
296
-34
34
96
160
278
16
166
28
78
284
276
-82
300
300
-200
216
-154
-2
278
296
300
300
-198
-60
-154
-156
-80
146
-110
120
-24
112
-88
-118
296
-42
-222
138
-2
156
-70
-44
300
-134
260
-134
82
142
48
268
-16
-224
-90
4
-8
286
298
-38
-126
228
222
26
90
2
300
-162
-14
98
-118
62
298
-144
280
28
296
288
-88
46
172
-48
-138
-192
-92
-108
-158
126
74
-116
136
-136
128
-254
-66
-232
-252
136
180
300
158
42
296
290
176
136
-92
-124
148
-8
268
174
300
-252
-62
78
-46
230
70
124
6
-52
146
-184
-158
300
300
118
-140
300
60
86
-52
220
12
-188
-282
-254
162
-162
-64
92
-244
28
268
-136
-208
50
232
-118
-152
-242
-28
294
20
168
-36
-16
-214
166
-134
-122
-110
-86
300
214
10
90
192
262
300
300
-34
-68
64
300
300
-114
296
-140
188
-136
32
280
-140
300
192
-100
252
-152
60
-152
-234
-120
120
-174
14
-196
246
126
300
164
36
182
144
164
-60
-90
194
60
-88
50
138
130
14
-4
-60
-134
180
-48
-94
-94
190
-26
-146
-90
60
100
300
-68
300
-82
300
-46
256
-64
192
-10
-42
-32
156
102
106
300
60
-198
-102
128
184
162
262
286
162
18
136
298
126
-98
-224
230
12
250
300
204
64
266
278
114
36
112
-42
-232
252
-164
300
-98
12
266
292
230
-154
290
44
-216
6
140
16
288
-74
224
10
-74
154
292
184
300
4
8
84
-230
-46
-68
-74
36
286
252
300
300
-106
-138
112
286
-294
-248
-134
-156
-130
-180
300
300
-52
40
182
86
16
-82
296
-262
-110
298
-82
94
-12
-68
58
-186
-36
122
20
-56
144
60
-226
254
18
62
246
80
-118
198
18
70
-160
-148
-212
-144
-60
272
288
-4
-96
-144
206
238
300
-170
-170
-148
-84
-36
-210
142
112
-76
4
300
-140
12
-62
-154
198
106
150
38
88
40
264
-18
-6
210
232
-102
-172
294
184
300
-206
56
-24
-24
300
294
298
6
80
110
-262
300
44
230
-180
-18
-156
2
300
30
104
-124
178
204
-10
94
-132
300
-82
204
298
114
-82
204
300
284
292
12
-30
-70
-126
-40
220
-26
40
-8
4
106
84
-224
208
-198
300
-168
-234
230
298
196
206
296
-32
-36
300
50
132
274
218
282
108
284
-12
140
-32
198
114
-214
-32
-82
294
300
134
240
300
300
-28
240
138
-128
298
92
-274
160
-76
-166
44
4
104
110
28
-94
-22
298
170
290
108
16
-124
6
-210
300
280
272
180
82
234
110
102
296
68
-268
-260
208
-164
52
282
72
174
262
188
224
288
-106
250
218
182
-156
-154
68
-240
-180
46
-12
-124
278
-212
292
-36
20
212
122
14
80
76
-192
280
-134
208
-250
-240
100
-20
-58
-86
250
300
-132
-26
166
-16
-46
290
24
226
-16
-70
-266
76
-134
14
-4
196
-86
-10
220
200
194
-142
80
22
176
-174
300
84
-8
86
-6
4
178
140
-54
300
210
-96
-150
-90
-72
-170
244
-40
-210
290
38
-74
-240
-88
-76
52
300
-54
-110
-184
-100
124
300
-50
108
262
300
38
-102
298
300
286
-58
60
-52
200
-32
-72
-112
-64
-16
16
248
136
-234
272
248
8
300
10
58
300
62
162
-242
294
-248
96
300
136
250
-44
-2
-144
232
162
-80
-108
-154
-4
126
-84
300
290
-154
298
300
300
128
52
56
34
-106
-70
184
246
-214
-8
188
112
56
168
280
300
-132
-170
-16
300
44
-20
122
34
292
-64
298
180
258
-246
138
156
300
-148
-86
108
-120
106
116
-96
-148
300
-172
258
88
-248
164
-210
300
-208
58
276
294
-26
198
218
210
250
272
80
-48
186
-16
-76
118
188
30
296
142
104
174
286
232
72
138
156
24
298
108
206
-136
12
130
-274
300
300
160
-24
-10
-50
-46
212
254
-42
108
208
260
-210
220
300
-66
-2
-122
-46
282
-268
228
126
84
98
94
156
298
300
-184
300
-68
-180
-220
82
-64
300
192
260
296
-140
-170
288
-96
256
148
262
132
-172
256
300
248
86
-272
-160
-178
300
-230
148
-156
270
70
110
170
300
-152
28
-90
-6
282
38
66
198
-66
-158
258
238
300
54
-130
274
300
184
-268
234
102
154
292
18
300
-146
292
-6
-90
-150
300
4
200
-62
300
300
64
-36
300
-30
12
16
-58
226
-32
298
24
-40
-28
-194
100
280
-212
132
-236
-196
-22
180
290
-170
300
14
300
296
-144
-212
68
-226
204
-4
-260
290
-102
-148
114
-82
-12
-22
204
290
146
276
164
-114
152
300
-164
300
52
-4
-32
238
0
-60
298
294
22
-56
74
-152
-134
284
234
-34
22
-46
210
164
68
-180
224
240
-82
-140
148
220
26
266
-108
12
-178
162
254
300
146
-68
-246
198
-38
240
-16
-124
-268
68
-94
196
294
160
-220
184
-2
216
-192
120
-180
-220
8
-18
-86
276
-22
264
292
268
-14
68
-10
300
-52
-20
-66
32
-10
300
-100
300
300
240
-162
-86
90
-156
210
-150
46
226
162
300
-170
280
300
42
156
-224
290
142
6
-196
298
54
200
254
158
20
192
-288
-44
182
20
70
122
152
-86
-154
-128
22
110
-114
-110
-234
26
110
70
-12
212
44
300
28
182
292
-82
-44
300
-4
300
-110
14
-178
-98
88
-74
60
120
242
-28
258
292
-184
2
296
34
132
128
-36
-14
78
278
300
-146
152
-128
-134
58
276
24
-62
154
-56
238
12
-220
8
-138
282
46
300
18
-148
300
286
-236
102
-6
296
-114
298
54
-90
296
240
138
-54
-218
298
300
72
300
256
-92
298
80
16
-230
96
0
-56
58
-98
-24
144
-32
-238
162
54
-40
-76
-156
40
-160
-228
72
222
86
-96
-64
6
290
294
-142
26
120
110
300
292
296
-186
-178
-234
238
-56
176
-26
300
300
206
160
216
48
32
-236
68
292
168
286
-160
-76
120
16
-92
14
278
252
300
-216
262
196
298
-110
-170
176
-94
-66
-178
98
-78
18
-172
26
158
300
128
300
-168
146
-178
-20
300
298
-66
256
300
-174
-26
-180
144
64
-84
300
296
-64
-140
-58
-64
-50
-48
300
-12
-208
212
120
296
296
202
110
180
74
-184
300
-122
230
32
150
300
44
300
78
260
36
272
-116
122
200
-98
-160
62
-16
-90
88
-24
-32
300
-192
298
-252
276
-188
268
266
262
-92
-124
-50
-38
-172
-42
230
76
100
-98
78
248
22
298
4
6
296
-206
38
298
-112
86
92
116
132
286
-150
-232
-56
-178
-18
-236
300
-66
-122
300
266
294
196
2
294
124
-278
232
218
16
-70
16
212
42
254
-102
-90
6
172
54
248
-190
42
188
296
90
222
-22
-46
86
300
-8
-92
300
76
166
-104
-188
10
-90
-28
-64
88
232
46
-122
94
-176
278
-60
-44
300
-128
216
-44
290
-156
278
-136
300
288
298
-150
292
-254
284
104
-216
186
-122
-2
300
-42
52
22
6
296
106
-92
86
26
300
294
-74
20
-74
264
208
-26
-132
-250
140
-4
290
-94
296
-76
-2
34
-228
-18
-168
260
-112
300
96
-280
-70
140
-222
140
298
14
-162
46
-184
-10
250
300
-130
242
26
-76
102
292
-38
4
36
-6
2
294
-172
-144
234
88
248
-278
-180
-20
-106
64
180
-2
122
294
-74
24
300
40
-154
136
60
232
-52
-8
-132
74
296
-182
-26
76
-108
60
300
244
6
-72
-50
66
226
204
298
38
-218
-36
24
-60
300
300
-52
142
-104
-20
-144
56
300
-164
-128
298
298
-132
-126
208
-136
60
90
78
46
286
54
-96
24
116
294
-194
-220
-8
12
296
-80
-248
-58
12
276
-26
152
-92
-146
-72
298
-78
126
-228
-182
-146
-100
34
116
-66
-90
114
262
134
-96
224
300
300
300
-80
80
24
-50
-70
228
266
66
298
234
300
-254
300
204
-188
-32
-68
186
288
162
104
-156
284
24
-30
-80
300
-74
280
298
-250
278
298
180
34
298
28
-28
-146
244
296
136
-122
-110
96
194
82
32
298
296
-46
38
248
300
276
-186
172
256
-136
8
-76
92
-260
190
-122
126
192
-150
-214
-138
66
208
-126
44
214
106
-74
236
-52
300
-12
184
-158
104
-234
300
130
-128
-220
56
88
78
-92
58
220
300
298
-154
-192
20
-154
210
298
-184
28
-188
-168
-14
-30
-30
6
-76
178
-132
280
300
262
300
84
148
54
-50
300
300
-148
60
60
-38
34
300
296
22
-180
300
224
-106
-70
-44
14
216
278
-158
282
296
-142
146
84
26
298
-142
284
-24
-94
-34
210
104
234
296
-44
-122
186
298
-50
-10
200
300
68
4
300
2
54
-152
224
50
-46
-84
82
300
154
-202
212
100
-162
-116
300
254
-158
-250
-88
170
118
300
-22
86
-16
210
-242
98
-118
300
300
300
108
-70
138
98
128
-20
-272
300
168
92
96
130
-14
226
174
298
266
230
-156
-116
216
-286
54
-54
296
254
178
108
120
-76
14
228
-188
300
-154
-158
84
300
90
-176
-6
-32
256
190
266
-158
-172
282
300
300
168
260
-102
-226
100
282
300
-162
300
-214
-190
256
-76
-110
-200
-126
300
298
286
104
296
300
-38
-152
290
-168
-14
300
202
296
-42
84
264
-12
-84
172
-92
88
-68
-190
-138
36
96
180
-22
266
-56
-18
284
-132
-138
300
68
294
-150
-124
-86
300
96
-78
16
186
42
268
-78
196
212
266
-92
-40
122
216
-8
148
40
214
108
296
-168
234
290
-52
132
98
-36
66
300
104
-80
-122
-162
-268
-42
234
-30
-6
-102
48
30
126
-164
286
-268
76
2
-32
-30
-6
6
42
50
296
-266
296
76
292
134
-2
-8
52
-78
-112
284
-134
80
-50
-158
298
186
-108
296
-226
152
266
102
38
40
-10
162
258
70
40
274
-164
-60
-62
138
-172
300
-8
-218
-72
-144
142
184
4
-14
112
-170
206
128
12
240
-32
-62
300
-28
-162
-28
300
-252
-112
-108
300
-152
-34
204
-74
298
46
66
-46
300
4
78
300
300
300
-6
166
280
130
110
-100
158
8
128
-32
-228
-136
-142
300
72
-146
100
300
-76
-18
-54
-248
62
-116
220
12
300
-38
-50
300
-94
274
14
122
-10
-160
-74
52
122
-264
-212
300
8
-274
-22
-138
270
-30
300
102
34
48
192
138
86
-106
164
-72
32
286
102
104
142
282
-222
-112
78
264
-222
300
300
26
-80
8
26
290
-168
232
178
-108
-14
0
98
-212
112
126
-294
72
-60
-182
300
24
204
6
-10
44
238
-136
246
-4
18
214
-128
162
14
140
42
204
300
84
168
210
0
-100
22
-62
24
284
232
300
300
-46
-96
126
300
300
66
-54
-106
-200
300
298
-178
-116
130
188
92
-100
72
-86
32
-38
-176
168
300
2
296
-74
-152
-194
272
-96
-76
206
-10
192
300
220
118
-62
46
-138
288
-122
-122
-208
300
104
-34
228
-90
-222
100
-200
124
198
-38
62
174
-52
-238
36
-28
-24
94
20
-24
224
126
-170
300
100
26
14
68
-124
34
300
-46
22
-112
38
262
-58
280
66
-154
298
-48
-12
294
162
62
-88
48
-40
-80
4
-274
276
-46
-124
200
116
298
-198
-90
242
-62
132
172
-88
278
254
54
-184
-82
-146
-44
284
278
26
-2
-60
-172
142
-74
-150
-80
300
-132
164
46
-212
-56
300
282
188
82
256
-268
-188
120
258
-160
300
108
178
280
-50
294
-90
-36
-130
-130
-6
74
22
300
-190
-204
208
178
-242
300
-188
-4
-126
262
98
-78
54
300
258
10
300
280
60
300
-158
-52
-96
294
-104
-116
-48
-102
-132
268
52
-236
-90
-80
110
300
-138
38
-152
300
-146
22
140
236
296
28
74
-46
-134
-26
-6
300
-150
284
-22
-214
-208
242
-106
292
-58
-218
116
128
122
242
96
-138
228
-190
-170
-212
-4
68
-214
-128
-278
300
290
-96
-122
-84
132
34
-136
300
-84
54
48
62
-238
288
130
46
214
-160
-52
300
-112
176
-226
-50
-216
300
-200
208
218
232
12
220
300
-48
298
300
122
300
-124
254
170
300
-78
298
-58
28
300
300
-112
-276
-12
286
-102
240
-16
-152
300
144
-24
300
300
-80
196
130
-2
298
44
150
-72
-6
232
298
300
290
-84
-84
144
-74
300
-202
280
64
-52
-62
232
-20
152
300
-66
72
-70
160
300
12
286
-136
-192
112
8
86
292
-58
-242
254
-216
-88
248
-90
-10
-144
-10
-82
18
40
12
206
192
-160
140
-92
-94
280
280
176
-26
210
-58
-218
300
190
300
-132
-206
294
270
-46
-300
-106
80
300
-244
58
208
268
-42
300
-4
-40
-80
-60
176
-88
246
-60
68
-78
-38
300
150
-242
-32
170
-144
300
24
-126
192
182
294
300
296
300
-74
296
-64
54
166
298
-70
-122
240
-94
180
-288
144
286
-4
288
-4
298
134
76
-128
-40
300
-50
82
-92
-236
-238
44
6
90
-226
10
236
300
-42
-212
300
152
-40
300
-108
24
90
-74
-110
300
188
-150
300
298
26
196
106
-16
-112
202
-182
296
220
0
280
162
198
28
18
66
-294
-192
-168
54
-162
-42
-28
-130
300
8
-122
-36
-194
-54
300
-38
-92
292
84
-14
112
-6
126
16
74
300
-32
300
156
148
-80
300
-32
276
300
-166
-242
2
-154
286
-68
146
44
0
18
-236
174
286
-34
-180
-82
252
296
-48
92
-74
-174
300
168
178
300
68
294
122
-60
-152
268
296
-176
112
80
-126
-54
-148
72
296
-72
24
78
298
300
-222
-132
4
300
300
296
300
162
-132
300
12
290
-100
-60
-134
-168
-226
-100
-58
300
-6
-114
-144
-56
-114
108
-232
26
300
-84
-172
-20
162
96
64
88
284
300
42
-136
274
300
284
172
-52
-152
-50
-22
-90
260
-78
300
150
-80
300
82
-230
182
136
300
156
12
-130
48
-152
300
50
-72
204
254
-124
240
296
-58
268
-130
-176
66
230
186
110
-120
-192
-70
236
14
-184
-260
-24
-96
-38
300
-52
258
226
-60
20
-180
154
-104
6
298
-98
292
-116
-16
-212
190
-70
16
300
76
172
300
-158
-32
300
52
296
-202
286
292
-10
-240
-106
298
10
172
-78
-144
-182
-152
-180
300
220
-40
48
12
-128
-58
134
-54
278
196
-82
252
138
50
-174
236
286
-78
294
-54
-86
300
198
298
160
-58
-18
210
-92
-18
34
66
-66
-40
44
10
154
48
300
-94
-96
300
-184
152
-2
-136
150
190
50
132
-110
300
-24
10
148
-76
20
-212
-84
298
-142
298
162
300
32
-170
300
0
46
-18
174
298
-140
288
-108
246
-180
228
42
40
82
-100
232
-256
10
36
76
230
250
250
300
300
-96
300
-220
236
300
4
256
-24
-20
120
210
-180
-172
-134
-40
-100
-76
298
62
300
186
-202
-240
-128
300
-116
288
-154
290
-204
-168
68
-32
74
64
-94
298
294
36
-18
-206
134
300
-78
206
214
-274
-130
242
66
214
138
16
-222
238
-104
0
-64
-88
162
294
60
298
-182
300
298
218
272
186
224
-32
-122
-40
-60
108
298
-168
-116
-44
120
300
-16
-86
10
36
-72
28
-104
-60
46
58
124
-160
216
-214
-114
-20
254
36
296
-200
298
-84
-160
-26
274
2
-168
300
118
300
300
-10
300
38
-68
62
-64
-144
38
-10
20
-10
300
158
46
300
292
-20
-182
48
-236
106
-126
286
-52
296
296
110
-16
280
-62
-218
44
298
10
162
-56
4
80
-200
-36
122
230
266
-14
72
290
-2
-212
-184
152
300
300
-94
136
-236
-50
-154
298
110
-70
28
-172
-104
40
-68
-202
70
-38
34
300
10
-80
-208
102
78
-12
144
286
-40
30
300
286
226
170
-172
-46
230
-164
-58
64
-66
-206
-170
12
300
80
-108
38
-118
12
300
22
118
90
-60
-114
136
300
-22
-72
-22
48
264
6
132
130
226
-42
-58
-110
72
300
278
52
-256
-98
-54
300
298
300
-62
-12
-158
-60
20
106
132
298
86
-66
300
96
190
44
252
-140
138
300
-132
278
-66
-264
300
300
154
-228
258
78
140
112
-82
118
52
-206
300
298
36
282
36
-118
300
-42
102
-212
92
180
274
-102
152
64
-76
300
64
156
-68
60
294
238
94
-206
300
-12
300
-222
-98
-12
68
186
-64
-66
22
158
56
-144
-26
-194
-176
-66
246
-174
-210
-2
-80
-134
252
134
238
300
286
280
32
-54
-34
190
140
150
6
-110
-2
-22
38
-42
212
298
8
198
-88
-12
300
248
-80
22
292
-30
120
140
182
300
-140
128
-278
300
-94
-154
156
80
-40
-124
138
106
192
-16
-250
-114
300
-68
256
300
-70
-132
24
-156
-140
-68
290
-158
218
278
-168
74
186
300
-86
46
298
196
300
146
246
-168
240
-190
-122
-112
60
300
88
10
-152
-78
6
-226
266
228
-30
290
-54
188
300
300
122
280
298
114
58
-86
24
-182
300
16
-88
250
102
238
94
-44
110
58
160
244
300
298
292
118
-56
-84
48
298
216
-6
48
46
126
300
-236
-64
-6
-134
242
-6
300
-72
290
-110
114
136
-252
208
42
-72
288
-292
272
-186
-106
-176
12
70
-188
-68
-124
300
-78
-40
-116
300
-22
64
-164
300
300
290
-206
-156
300
98
176
186
294
56
-184
-124
-140
-62
-184
164
-242
18
8
42
38
116
300
300
256
-54
42
300
58
-66
268
-172
28
-16
-70
98
300
136
-30
70
300
114
-284
-58
-148
292
-64
298
132
8
212
126
-170
210
184
298
20
238
102
-192
188
300
290
190
-162
-58
296
-104
254
-100
-140
240
10
138
-150
300
-238
-102
-184
-86
-34
170
152
122
54
60
276
168
52
298
30
260
232
296
230
288
286
214
120
-90
-124
-70
-90
-30
-164
-206
-70
300
172
48
-98
76
300
298
296
274
-156
-168
50
20
300
294
-82
-74
120
-126
256
-156
294
-4
140
56
290
-2
-60
184
-142
148
-108
36
-38
-94
178
-210
-78
250
-4
300
-124
42
202
112
300
-86
-174
-18
-16
-168
-20
288
284
62
-106
116
106
-158
0
258
-54
300
-84
260
-194
268
-250
74
134
10
298
106
300
170
300
10
-108
-112
-250
-196
250
198
-90
102
30
300
238
-70
78
102
300
20
112
-220
142
280
234
6
-12
160
-12
200
-286
-196
296
52
-100
140
-54
300
280
86
24
300
146
10
-108
92
-54
286
286
166
-116
-100
300
-34
66
300
28
124
124
26
258
272
26
-240
282
-188
274
300
226
170
104
-254
300
32
-166
62
-66
282
104
300
-68
118
-150
132
-108
-44
190
300
300
294
300
-60
-234
190
102
-20
216
246
-72
2
240
238
-16
104
-44
-128
296
-90
148
8
74
-120
100
24
300
106
24
-120
-226
-102
-132
-92
30
-34
-16
192
294
-88
-100
-54
-76
-184
-52
-114
70
22
116
300
-32
256
44
300
-60
-158
-112
-112
-52
-52
-240
-80
204
-130
-178
2
-102
126
-112
300
188
282
300
-126
-86
144
-276
254
184
22
90
0
-92
246
42
26
-72
-32
300
294
16
298
36
-196
-112
-116
88
-222
-122
212
0
44
104
42
-78
-32
118
-62
262
292
140
-158
-86
208
-136
40
300
86
-156
14
-94
-38
300
14
212
-38
248
-96
-198
300
-18
-46
300
118
-256
294
60
46
288
86
166
-130
298
-162
258
274
300
224
274
288
216
-148
218
-22
-248
24
-68
-150
-84
-66
18
48
-102
72
-64
246
-134
162
14
30
254
190
244
178
140
-34
244
300
2
64
-110
-106
-198
-148
298
-14
292
278
-20
-12
-290
-140
-34
52
-122
276
158
246
298
-176
62
22
260
72
0
-134
96
300
64
8
-172
-84
146
-240
300
20
-48
118
300
-140
-122
290
90
300
300
-170
-190
-76
280
-124
-120
-94
54
72
-22
276
-36
-54
-70
298
236
172
-210
-156
-42
-4
108
-154
-36
-80
-238
300
-40
118
264
-108
300
-64
-74
-20
-50
38
-218
-224
-20
-144
-122
164
188
-206
-100
294
248
-18
220
58
296
-90
134
-160
250
-10
300
110
282
8
-62
-272
138
-94
32
212
156
-136
240
72
298
-24
-206
-114
300
300
-138
34
160
-40
134
126
36
-134
124
300
148
134
-104
-180
290
22
284
-200
-170
300
288
300
-248
300
54
-180
52
298
300
-184
-56
136
-136
294
270
192
-130
298
42
178
164
-250
-164
-160
282
298
-2
234
300
300
22
76
120
178
28
78
62
-244
78
300
136
88
68
-230
220
-94
100
-240
112
-154
286
54
160
-4
110
186
300
-72
212
-150
110
298
-4
-16
-224
54
-130
296
300
-52
-42
-234
-80
62
-138
-164
130
252
300
116
-126
-136
244
-146
300
-160
2
114
-78
266
108
-130
-126
24
-44
212
10
-40
296
-202
48
-26
8
56
46
174
222
-28
-14
-164
300
262
-208
274
-54
270
-156
-178
-2
300
22
188
300
66
-104
92
166
220
62
28
288
-154
-268
58
274
70
222
300
116
228
-8
32
-138
292
-198
-62
58
298
300
54
272
-216
104
-124
152
296
-224
-240
276
-136
-70
2
24
-96
-282
-94
-14
114
298
-82
6
182
-108
-60
254
-248
22
-164
88
0
90
180
36
-66
272
-36
102
32
-138
300
-106
290
190
160
-40
38
-132
272
-74
-136
-146
232
50
250
294
-34
-116
-152
98
294
-144
122
102
300
-124
0
-190
160
98
-56
-218
300
-28
88
-90
-64
-120
-114
-168
-148
288
-70
-60
202
164
94
-66
294
-136
134
200
-84
300
300
62
-116
2
300
84
284
150
112
2
-176
56
-52
242
-180
68
300
-8
6
-174
294
296
-118
2
-210
172
62
-82
138
-68
-166
112
256
-24
252
-100
286
194
-4
-66
-258
-48
248
164
236
-22
-16
-148
58
68
-26
-246
260
-52
-50
298
194
-76
230
-186
226
178
60
256
280
-80
-242
126
-32
-70
-108
-190
-122
66
300
286
-78
300
-122
300
260
300
294
300
-108
32
298
-100
290
298
-130
172
-40
-96
-114
298
298
122
-18
256
-110
152
24
-240
-158
-62
164
266
8
234
46
160
146
224
114
-166
300
68
72
166
-168
-94
116
138
300
-30
156
298
136
292
156
168
258
262
258
100
268
136
-165
132
-160
-52
98
-146
116
212
-104
36
300
58
50
-20
-72
-30
-50
-124
294
14
-96
-42
100
14
-160
282
76
260
-274
30
-204
-64
126
-14
296
-274
280
-118
6
-120
-170
98
-56
-162
-182
68
230
-60
278
166
-44
278
284
300
130
-36
292
-160
22
248
-64
-108
300
-158
210
-22
254
-156
160
-4
286
112
-180
68
300
240
-8
-46
204
256
88
-222
34
30
114
-112
300
-46
298
296
176
300
242
26
204
-46
2
250
300
-84
290
-116
-10
-136
292
-22
300
300
290
98
-226
216
110
278
-198
90
50
-198
300
292
-214
102
-70
132
240
-168
296
62
-174
-46
244
14
210
300
36
232
-240
-8
122
-134
-84
276
-126
-74
12
120
8
-210
172
-216
-64
300
-4
74
-146
-176
-152
-56
184
-142
-38
-104
292
-276
150
234
300
96
-194
-202
238
292
300
294
-118
34
300
-4
-120
158
248
-194
-14
300
300
-150
-282
176
26
-152
288
248
108
144
300
68
-12
-136
72
20
-194
18
64
-228
-88
206
298
-10
118
226
-44
300
-198
290
300
190
252
-158
30
178
118
108
148
-164
42
120
-234
-14
300
-144
234
0
10
-148
6
-106
46
26
26
-6
34
-84
40
54
48
290
-144
-98
56
-88
14
-64
-18
280
142
-66
-198
300
68
228
-184
260
300
66
-82
-164
-124
-88
114
254
146
256
-192
-48
144
-2
8
-216
-92
-192
86
-12
234
-108
-20
-90
26
-62
64
-44
-86
298
-114
-102
78
-36
300
-132
114
300
-18
-104
-88
-82
94
300
298
-92
184
100
-22
-160
198
28
-176
168
58
186
-188
-104
28
238
36
-196
182
-162
-56
300
142
298
128
-30
-206
44
300
300
-244
294
240
114
-142
84
234
110
300
-62
256
60
274
-80
-66
-56
206
-116
60
-160
-164
-88
84
300
-212
-88
290
300
8
-120
300
300
154
-166
264
54
-90
-206
140
6
36
300
-188
90
72
-160
-22
190
98
300
68
-44
300
-8
2
-82
150
-72
104
300
148
-166
84
-96
100
300
-172
36
190
10
300
-102
298
-82
70
110
-128
-188
110
-54
-150
300
300
-190
296
-56
70
-24
-22
-32
164
8
300
146
300
284
44
48
-106
244
138
248
-200
298
64
294
64
132
228
-152
236
168
126
-164
300
-94
84
242
-174
296
154
300
-248
152
28
-92
56
14
98
300
-68
26
-194
298
288
8
300
300
-232
266
-58
28
10
300
-90
298
42
-132
284
62
-10
144
-104
-130
170
-84
-118
128
-74
300
300
94
264
-50
-10
-182
226
132
190
0
300
-62
300
180
124
98
-42
242
16
300
-6
-106
-92
300
-110
180
232
-222
-44
-56
288
100
298
122
-218
-58
104
-162
296
300
214
154
52
34
280
180
44
-172
130
228
290
-82
188
100
-114
102
202
300
-116
36
-172
-282
-16
-234
-54
-22
-32
140
300
44
158
-98
24
-222
38
134
-118
258
-164
-222
-236
-76
300
-144
-102
-88
224
14
-12
30
300
300
-84
-198
300
12
222
-130
-60
12
-36
300
274
-146
300
-100
38
26
-222
98
88
-116
-14
160
8
48
-122
232
-68
-170
-106
-64
178
142
32
174
-202
170
-144
-152
198
228
290
278
300
-84
-272
54
18
-42
280
294
278
34
300
112
-104
136
-110
300
300
-36
298
200
-128
204
-160
282
160
30
-150
-42
202
284
-132
-198
232
68
-76
262
300
202
30
114
-22
160
-102
-170
300
-198
-120
-78
292
-70
260
24
-108
120
300
-42
284
146
162
116
118
58
108
250
298
-208
-160
190
-238
244
56
296
-94
124
112
-44
290
-184
20
-38
-154
38
268
74
300
-60
-28
298
300
-248
118
300
-8
182
260
300
278
114
300
152
126
258
52
62
160
-40
58
118
174
180
-148
124
10
-294
298
300
300
-170
-104
194
-112
108
98
300
-240
-114
-20
28
-26
110
38
244
48
-62
-24
-50
282
238
-76
300
18
-212
240
-124
202
18
-44
298
64
300
300
210
128
-112
-258
-198
-190
-134
-202
246
214
72
298
288
-186
132
-126
6
152
114
-18
142
-42
282
-164
220
-78
300
-230
294
-48
256
-42
-48
248
84
264
-76
286
190
-36
-280
82
220
-2
270
-92
166
-106
300
60
-154
288
-194
-200
248
-24
220
300
10
108
-190
296
28
-82
224
134
240
20
100
296
-144
242
-142
72
224
-244
82
246
300
14
140
90
40
-18
226
68
40
-102
-104
198
-76
52
300
-102
-226
38
-36
-108
-82
118
26
-152
298
-250
60
38
300
-250
-150
-80
-12
12
-96
246
-230
166
144
-210
296
110
246
76
260
292
-104
-24
-24
-144
76
54
146
-60
-238
-52
164
116
196
22
300
276
194
300
-130
-168
300
300
-30
-194
300
-46
-132
46
80
82
152
58
-82
-144
240
-40
22
182
-14
-164
82
-266
-212
-234
300
294
-78
300
34
-8
-114
300
-86
-124
78
-52
170
-138
300
154
138
272
168
-114
276
-52
-180
202
300
-194
-222
-34
206
-88
-26
-148
182
-172
206
-226
-174
-12
-52
-56
-252
-22
-116
-14
300
300
-104
-38
66
166
126
300
-98
296
258
-30
28
300
-192
-38
-74
-134
236
-74
48
90
294
300
-258
-98
-48
-154
288
-38
-42
34
124
300
300
62
-214
296
4
148
300
8
-172
84
-36
116
266
88
-40
130
300
124
-82
238
114
-122
28
-178
-112
198
-160
170
-140
300
70
222
40
300
102
-84
24
-50
-70
14
-24
14
76
94
294
300
272
82
106
-68
-156
8
114
-100
258
256
292
-152
62
0
-162
-30
-78
96
-152
-68
-146
-24
254
126
-86
-210
246
206
28
-64
-98
-22
-34
-20
300
12
170
130
-10
-252
-50
-158
-76
300
242
300
104
300
-78
158
-160
4
274
-174
-76
96
300
-84
-20
-132
-106
-168
236
160
-34
-92
96
32
-126
270
20
56
40
96
258
46
38
-138
298
300
300
174
156
6
206
300
56
-196
-254
102
-56
296
-126
-28
-132
-210
272
58
6
300
84
272
10
-54
242
236
276
-162
-226
-86
-30
178
62
236
158
-158
280
42
-212
-160
280
300
-124
-104
200
208
172
204
278
-86
300
-116
-14
162
210
300
-18
-108
214
-156
300
278
2
300
-38
48
24
70
170
-44
224
174
74
-28
100
-162
-138
298
232
-210
300
-52
64
-2
-60
284
46
-28
-204
-150
298
172
-94
122
32
-10
-190
-156
-152
-106
294
206
-42
22
258
170
-174
-162
264
-166
-38
-130
6
234
-188
-108
300
30
-134
2
-242
94
-118
-222
48
-172
64
-48
-68
-230
-58
262
-156
170
136
-140
190
208
-66
-34
34
-106
300
4
300
272
236
40
198
-56
244
236
268
-44
114
-238
-80
300
300
-98
286
-272
-230
300
300
278
-12
88
164
148
6
34
-36
