300
-12
-136
110
252
176
-32
282
4
300
-194
-164
-10
296
294
40
266
-202
50
260
42
-88
126
-98
-64
296
294
70
162
-112
238
-162
-18
-104
-158
-218
294
6
300
60
148
188
-76
300
250
150
300
-224
300
-116
-216
142
172
294
2
268
138
300
-34
300
0
-86
272
300
-196
300
300
-134
-210
-182
236
-74
26
-108
192
298
-26
-36
284
-164
-118
180
222
-246
-40
178
110
164
300
260
300
-150
54
240
142
160
76
298
-126
190
300
-118
300
-188
236
-18
300
16
116
-170
190
92
-142
294
-4
-164
68
-268
294
288
100
-76
296
-122
182
-98
44
300
-172
-158
-106
140
300
196
76
-84
68
298
-234
-22
256
262
-54
300
192
230
236
300
110
-100
300
300
-86
288
-158
250
-8
232
220
0
-120
50
-172
-90
78
36
152
142
258
230
264
-48
-56
92
-68
-208
108
300
290
50
66
88
36
296
132
206
-190
-130
32
126
296
2
212
96
-84
292
294
-8
-126
220
-140
292
-18
170
168
274
4
34
168
132
-164
-254
-16
90
-20
300
-246
-64
298
-24
-8
-18
-14
96
-236
272
300
38
116
288
-8
290
-38
20
-150
248
-20
242
260
10
300
-30
-134
300
-106
-106
-94
-60
-90
164
-172
-54
-244
288
268
-224
-20
290
-264
208
-64
-64
-28
-130
296
24
116
66
-144
222
-92
20
218
-190
286
256
16
56
-128
0
296
-96
-104
234
300
74
-44
300
-118
202
178
-140
-102
300
-88
266
300
50
216
166
222
-58
32
-70
298
300
-16
-114
300
-14
56
112
-12
-100
300
300
-96
-96
108
-154
-132
-194
60
-112
66
40
270
118
300
-112
128
-90
-90
238
46
8
100
156
44
38
300
298
198
92
4
300
292
254
-206
300
62
-18
220
-100
-102
-126
218
130
-208
92
300
274
210
-176
-236
-134
210
300
-72
-268
-110
30
300
36
256
280
276
-108
-220
-60
60
48
-254
-48
-54
136
138
34
-72
-180
-136
-164
-290
220
140
62
-42
-34
298
120
-248
300
10
-190
42
300
-128
-84
294
-90
288
-106
102
-154
74
-154
-236
300
-42
300
-120
12
228
38
252
-16
300
118
-106
300
178
232
4
300
300
104
46
280
96
-178
-40
92
-168
300
-184
-146
170
-158
-82
-10
-206
-34
254
70
-134
300
174
-110
48
90
154
190
-164
-12
-42
-8
-168
140
-26
12
150
212
60
-150
90
202
-78
300
-142
20
152
-24
-230
46
186
116
144
300
212
300
-70
170
-196
-144
8
24
286
-140
-86
72
280
270
298
-30
118
154
-126
-294
-230
-92
248
8
-88
204
-122
-44
-46
-120
62
300
104
22
296
208
-106
84
-30
-104
-44
212
-196
-100
182
180
300
-66
90
-64
228
106
300
24
38
300
-160
278
-66
224
204
100
-84
192
108
-180
-192
118
-98
-62
60
74
-86
300
104
-216
-26
294
-200
58
-192
238
300
300
-146
122
282
210
24
178
-92
-42
250
-142
90
26
-66
300
160
-14
36
-184
-142
10
116
-102
-4
20
94
-46
300
118
292
242
48
130
-72
252
-12
-64
134
276
-30
300
-4
-72
300
218
58
36
-60
94
300
-54
164
-94
-100
300
292
-28
-40
-4
134
300
12
222
298
-114
-142
248
-82
80
-36
10
294
36
82
-108
-134
38
88
-164
-80
-84
64
130
-82
156
4
266
56
92
-38
238
-76
296
218
-128
-6
296
220
160
70
4
-266
46
300
268
-16
-68
146
170
238
188
-32
292
300
216
272
-22
156
292
-66
-50
-102
182
26
52
-170
300
94
-100
-82
266
28
-156
-98
110
176
300
-114
-24
-190
-62
40
172
298
-202
-30
38
-74
290
-114
300
28
196
-86
84
58
-114
162
-80
46
-186
-102
-46
300
-154
300
-78
120
-80
292
-70
6
256
32
-252
-34
300
-98
-140
-42
92
-44
10
224
-36
-114
286
6
212
16
-82
-80
120
-262
-4
180
40
-130
84
106
300
60
238
268
94
-82
204
298
-66
-38
50
62
88
-190
106
-122
12
300
-104
234
78
260
-164
-88
-80
-12
278
-190
-62
-76
86
114
276
258
-42
300
-84
-210
84
258
192
300
90
298
300
300
174
248
300
282
-34
54
-54
-214
244
-154
298
-196
-74
298
-20
148
-66
-44
-198
-92
232
-200
236
300
-18
224
-44
176
124
300
82
-4
300
98
160
-8
-98
240
-190
-108
2
-52
-48
-98
278
-246
152
300
-88
292
-190
86
-116
0
-102
52
278
-126
30
300
56
222
300
274
92
-204
-132
-12
298
-64
276
66
-60
278
286
188
92
-12
58
116
-96
-100
-108
96
294
146
-112
84
-122
-144
244
-164
0
300
298
-166
298
-12
-4
-14
-38
-88
-44
80
-134
-18
-166
-24
244
-100
228
-196
50
12
246
-104
300
6
218
-116
30
-14
298
174
260
96
-264
-12
300
-116
26
4
288
30
298
98
104
284
-134
0
298
-78
10
-178
-96
-78
-234
300
48
58
24
66
150
298
196
298
278
-64
62
32
126
-118
-144
-128
-84
246
-30
-180
-52
-282
298
132
-46
-12
-46
-92
108
-134
278
38
14
-224
62
-46
-124
-170
248
-40
286
-2
300
162
-194
286
226
-124
-122
148
292
88
298
10
-76
300
-76
-72
174
300
96
-94
184
300
-48
282
90
-96
-94
-282
80
14
212
52
-50
158
24
182
-22
78
-94
-110
56
94
-78
-254
-28
168
-258
300
-58
30
-38
112
-196
300
-150
74
188
-36
-38
-180
-220
-100
66
22
116
278
16
-48
58
158
-2
128
230
150
-14
-214
-42
232
-204
-212
72
-2
-228
-146
86
114
282
-176
-106
-12
74
298
248
188
300
200
-86
170
212
300
20
276
300
294
-86
300
112
86
-60
230
74
14
172
92
198
168
-58
-68
204
292
24
246
184
-226
270
248
-82
130
-100
-20
300
-60
-150
-180
102
-264
278
-192
260
-140
240
-126
-22
16
-244
20
-242
-164
222
88
286
-54
10
-40
300
300
242
20
124
-134
-174
-38
298
300
232
-48
-10
-50
-70
170
30
-174
-98
300
-56
46
-156
232
-170
270
70
300
288
-58
250
-6
300
300
20
300
-28
300
-204
66
208
-64
204
-82
54
46
-26
106
160
296
276
-124
236
-96
116
300
-142
68
198
-70
-120
174
224
-88
172
298
144
-178
238
192
226
212
262
268
300
298
230
300
-96
-120
-46
30
6
300
264
100
122
30
300
-74
82
264
66
-46
-156
-70
216
300
300
88
174
264
-80
300
146
-70
12
300
294
104
-88
156
-88
-182
100
-74
256
-144
300
-38
204
-34
124
286
-4
300
-2
-38
210
32
-228
-144
38
-160
-174
300
-24
12
300
102
256
14
124
300
190
-90
-108
106
-256
300
-80
34
-180
-14
-138
-76
300
300
-36
290
30
-100
-190
-176
-146
28
-194
-64
78
-32
300
298
276
-88
282
300
206
300
20
110
134
298
44
24
66
182
-170
184
300
8
62
90
300
-216
-34
-140
-156
184
-188
-106
-42
-88
254
152
-170
238
228
116
296
154
-268
-286
300
142
-142
264
296
-108
-80
66
-196
142
300
-16
300
230
-70
214
-152
26
294
-12
232
228
-70
-48
110
-90
140
190
284
300
-256
300
-84
144
24
154
-164
198
174
-92
278
300
-64
6
122
-100
-18
-222
-216
-26
-62
-22
-8
-76
24
300
-108
22
52
-6
26
-168
98
-102
300
-114
298
120
-136
140
276
18
-26
268
-32
-44
182
300
192
300
168
-22
300
300
282
124
102
170
-146
300
300
184
-28
-98
-96
-114
-134
-180
-114
-70
2
-124
292
244
52
-272
34
-12
-38
74
300
300
-100
-114
-146
-214
-168
66
300
210
-90
-110
-122
-152
-268
-56
270
-174
-128
-106
300
300
152
252
-14
-156
78
300
-208
-132
290
-24
46
-162
256
-8
174
266
-90
170
300
132
56
146
-198
250
86
-138
136
-78
-50
-14
150
118
300
-4
300
-212
-80
64
258
296
-154
176
270
-10
258
-96
290
92
146
-58
130
94
172
40
208
94
64
-128
-218
-128
22
194
300
-22
140
230
-170
296
-160
300
140
46
264
76
-184
-116
30
22
-50
-228
38
-212
44
196
200
-52
182
296
-40
300
-122
198
-20
-30
-44
-34
-126
-18
-112
-134
-26
-38
-96
228
10
212
-212
258
-146
-58
300
280
136
-164
230
-70
196
128
-168
-96
88
38
-192
-226
-100
284
-254
60
96
-140
108
-194
74
-80
-32
262
-280
80
-136
32
210
102
274
300
-20
224
-38
-100
296
-32
300
-62
126
-178
198
300
-214
-110
16
-78
300
300
294
-38
0
298
10
-80
-112
194
-146
-76
158
20
180
0
300
-266
244
228
-74
-16
-174
204
52
180
202
276
300
150
-4
44
88
72
300
120
300
294
22
-210
278
54
294
-60
286
-172
220
256
298
204
252
-120
-216
300
250
114
-64
142
300
168
-14
-66
-160
22
36
198
-150
-54
80
76
-46
142
-70
-234
-10
-14
184
-114
246
-142
-156
-70
132
-148
170
-18
14
298
-154
-82
186
300
-54
42
300
-122
-20
88
148
-40
294
284
-98
-62
72
284
300
-68
0
220
-60
298
-94
280
-64
240
260
-178
-20
-26
292
86
300
146
-190
-76
274
-146
212
300
-84
-122
-182
190
-22
-42
218
-36
-94
-68
-46
232
226
88
-218
10
174
-202
156
300
202
-52
298
-140
2
-94
66
-136
4
-162
266
-190
74
8
-174
-144
10
-210
-70
144
-210
-126
-132
254
-134
252
300
150
-14
222
30
270
262
-88
170
-150
162
-46
-48
300
102
300
112
-126
-86
300
22
-40
-86
-60
298
24
214
-268
-246
20
200
196
298
288
-84
298
-50
-144
-232
-168
300
-66
256
92
300
-124
-78
-4
42
234
300
278
-228
-170
116
-100
-12
34
130
76
-112
-114
244
232
-140
290
128
54
294
300
156
298
-10
-34
270
120
-8
-232
196
-62
-42
254
-174
290
212
236
92
-152
-154
-38
0
70
236
-156
-24
88
-168
88
0
270
22
-144
-212
26
-218
-44
-122
138
-138
-12
20
290
-16
180
-34
-116
0
298
-76
300
-126
52
300
298
214
300
-136
300
-112
44
-224
272
-38
78
106
158
-148
138
196
154
-190
-298
104
182
-24
156
-38
300
-122
-72
82
182
-142
-62
-164
-184
64
300
300
256
70
-28
-300
-62
300
-164
16
-168
4
232
26
104
-116
146
106
56
44
244
298
58
246
124
-226
-150
-76
232
-38
166
300
216
-108
-206
-58
132
-18
-82
76
252
130
256
300
-8
-98
-228
278
-56
-72
254
-236
90
32
-110
86
-16
10
-66
300
-142
300
-18
-22
58
-62
-128
42
-194
16
-84
50
-56
-112
-106
-136
-254
-206
-98
-44
300
300
-12
224
-138
-108
-122
232
46
-234
264
300
48
-80
260
292
-48
-210
-226
-12
-136
18
-76
278
-148
-258
-142
-132
-298
300
292
-208
118
300
76
26
-120
300
298
142
-94
-4
300
-62
20
-194
-210
-134
14
280
-162
32
-108
-274
178
40
-110
300
178
-204
-112
-186
218
6
294
300
-204
-252
-124
-52
-118
92
-118
288
282
-198
50
102
-174
58
18
118
298
-136
-106
74
146
4
300
-56
170
292
114
88
208
136
294
-116
-102
-146
-282
300
298
246
-168
-142
-70
244
186
106
276
70
300
86
178
-108
100
78
294
-140
-18
268
292
-152
66
-56
300
100
26
-24
-100
100
-220
-22
246
-118
-174
78
214
-268
-32
190
252
-62
-136
300
270
300
-146
272
72
286
300
-38
244
-264
290
-24
-200
98
138
-44
46
118
300
62
104
20
58
16
-12
204
300
-124
300
286
22
28
8
-88
-174
-108
24
148
-144
258
300
254
-236
234
-138
-84
300
-136
300
142
-96
-46
162
-70
42
298
-188
-128
-144
46
-10
52
-132
64
-36
-72
182
66
124
-114
294
224
-90
300
300
210
-140
-84
296
-134
160
296
-124
300
-12
300
48
182
300
-110
300
12
-36
300
62
72
54
42
14
300
-212
252
110
198
-160
8
-82
-268
-224
292
298
-80
252
98
146
-78
28
-36
274
236
300
62
-38
-74
-92
-230
-102
-178
154
-152
-72
300
100
216
-128
300
-112
-88
200
44
-138
-38
230
300
282
144
-124
-174
300
116
300
6
-250
120
212
8
300
158
-148
98
-206
-232
158
-226
264
-152
172
-40
300
116
300
-210
-24
58
36
116
58
300
252
-204
296
-172
144
-90
-144
-66
262
128
-14
16
58
198
300
62
246
182
-118
-78
-164
-190
38
16
204
278
42
-72
76
-188
300
-2
264
300
-120
298
198
-192
36
102
286
276
104
300
84
-80
-76
36
14
-52
300
290
64
24
-84
102
300
-50
254
300
292
-46
-46
-228
104
-240
-82
-118
300
202
-150
-50
108
288
-36
156
-198
-252
36
-278
-106
-68
226
-230
122
-164
296
-118
130
156
214
296
84
-124
262
48
166
-86
270
-106
-58
-92
26
-114
-238
236
252
-50
-36
228
286
-108
42
-20
-136
30
-84
298
216
-102
-254
-110
-46
300
-176
-34
-42
138
-28
298
-230
42
292
-22
232
194
176
-32
38
-116
-20
294
-240
298
-96
292
300
140
-224
128
98
242
38
-158
-76
172
6
-134
20
-120
94
-126
140
300
40
224
16
30
-90
-72
300
54
-42
-16
10
170
294
290
176
288
300
-142
10
-44
254
-214
-114
-76
-124
-68
230
86
136
-32
-40
226
54
130
-56
34
-76
66
-108
-174
88
-144
-32
30
-112
300
-222
-140
234
228
268
-138
184
226
286
264
78
-150
32
272
188
258
160
284
-56
184
236
-96
-162
298
-142
-84
-100
224
-72
-36
208
280
-174
272
146
-6
60
294
-70
254
300
268
-38
4
-204
-86
0
256
172
300
-62
-234
300
270
250
-102
-204
-92
300
60
-116
-106
-150
290
158
284
-130
0
-194
-98
150
232
-196
-44
192
92
230
142
-170
130
-32
44
-152
-58
-8
-78
142
-90
-18
202
-30
192
300
-66
-18
240
70
-10
-190
300
-168
-40
-160
52
46
-170
130
300
280
-196
152
142
0
-174
300
-58
78
146
174
272
-132
-172
300
-230
280
136
14
-218
210
-52
298
36
202
300
56
294
280
-34
110
-110
6
-68
254
-112
136
-84
274
136
240
92
98
250
-96
-98
170
-46
280
276
204
300
8
-18
-232
2
122
268
116
22
-168
16
84
286
46
78
58
300
-16
-114
36
56
174
-30
138
-18
-52
-142
-12
28
-58
276
86
-14
300
-22
-32
-236
-44
198
-130
170
-198
138
-58
20
40
166
56
-238
100
292
-210
148
-62
250
80
254
290
128
276
300
72
-24
290
-32
20
44
110
-22
300
300
296
92
300
-124
-88
-28
144
-70
300
-72
266
264
102
-14
300
-54
162
190
-50
-90
-58
174
34
4
-70
164
10
-8
-220
98
300
300
-130
78
178
240
188
300
-124
300
190
-26
-108
6
166
192
102
170
0
-188
-18
164
-194
-158
-230
300
282
180
-242
110
300
-92
-178
-116
300
172
-150
300
212
-94
132
-48
-12
300
-120
22
118
300
-266
238
178
136
268
300
-228
278
-90
292
300
234
216
-52
260
20
-16
300
-28
272
270
-102
70
44
140
-112
-50
-70
142
-2
300
98
300
78
-192
108
62
76
-44
22
300
-2
184
300
286
254
188
-34
-2
298
-92
180
116
-240
128
-196
-146
300
-20
114
-60
270
-104
-144
-144
170
-230
-134
48
-92
300
48
-20
78
-162
-108
-92
56
128
-22
-158
0
-58
-168
-116
300
110
-110
-174
8
300
-22
-20
58
298
220
172
28
300
250
-94
-114
52
246
-174
148
28
-208
294
88
300
248
-180
-68
-180
30
70
-84
-36
-200
66
-10
156
62
-72
96
-254
-68
20
284
244
276
-192
-18
300
60
288
292
-124
146
-152
246
294
160
-134
32
66
-148
-130
296
-86
-130
-162
104
22
32
180
-218
300
-166
300
-34
20
-58
300
274
224
-40
-282
-66
300
280
62
276
142
100
180
-24
36
-154
-224
298
-230
266
-2
-194
-74
32
254
88
-100
-104
278
140
-22
4
-48
212
-20
110
294
-70
78
-232
-16
-72
224
132
290
228
300
256
-84
182
300
300
104
62
-132
300
94
-38
-28
294
300
-18
-86
-96
164
-8
-58
-246
158
-198
22
-18
44
274
266
-48
-202
-50
264
296
300
-180
-24
166
298
116
-206
290
300
146
-144
300
68
200
-236
186
-142
200
-194
162
100
240
-144
-194
186
-118
170
-238
-44
124
6
6
294
-106
48
-142
-126
-34
92
294
-52
-200
300
-134
256
-78
-44
-16
278
-200
-106
-168
-28
180
-148
112
300
-230
-176
146
-50
-32
122
26
-36
-30
72
-26
-120
150
44
222
136
190
-86
-276
300
-76
216
300
-46
-98
-134
250
196
56
-50
300
300
46
182
22
-172
-64
-52
170
-68
16
110
182
88
44
-68
158
-202
254
56
56
-58
-66
-60
66
126
50
246
52
194
-20
292
-120
206
246
300
-10
-260
-26
4
-100
92
20
-114
132
-162
-52
-4
-26
-258
298
-46
48
-94
32
298
62
220
22
132
300
82
272
276
-222
300
-40
62
212
298
168
-102
298
278
198
-206
-160
-4
-162
232
28
298
-134
-102
74
74
208
-14
-188
-156
54
42
296
166
2
290
-90
300
210
300
62
254
160
300
298
162
56
80
274
298
-156
-72
300
206
-96
204
254
-76
80
300
18
-28
292
254
-12
-72
254
178
-228
154
-142
284
-78
126
8
296
38
154
-54
-94
-98
162
290
-112
300
84
144
-60
-262
242
-70
38
-272
88
-64
-142
-130
288
166
138
-216
132
50
294
260
164
-6
-22
-146
-152
300
278
282
300
118
-174
-98
-108
298
300
300
70
-130
-22
-252
252
116
126
70
42
-78
-124
300
300
0
300
72
164
-42
190
-98
196
10
-164
-198
-148
14
-52
300
-60
-120
148
22
-136
172
262
-28
136
-2
-148
-98
252
214
46
-24
248
264
160
-92
266
292
300
-10
-86
-98
282
90
282
252
-28
300
62
-64
-52
-190
-134
122
106
98
-132
260
110
-226
258
138
292
-196
-126
300
12
22
-282
46
292
300
292
298
68
156
154
180
80
18
64
52
264
298
298
300
300
-66
96
-252
-102
-218
-26
248
-24
-244
26
-68
134
-160
300
-180
-118
-24
250
196
-12
42
42
78
300
300
300
298
224
32
136
-118
88
58
288
146
226
-138
20
254
-56
104
-114
-68
24
-38
-190
-128
280
-78
-204
-32
90
300
288
300
276
294
-80
18
134
180
170
294
-208
-72
298
226
244
300
-174
-134
-40
166
-92
-146
-200
-228
288
186
234
146
20
114
218
300
288
300
-168
-4
-4
-6
108
204
-26
118
136
-168
4
-36
-10
-108
156
192
24
74
278
-140
-192
-216
264
34
44
-172
-114
194
-152
156
300
214
-102
194
-26
282
158
208
42
74
-70
-32
-12
-170
-210
-24
300
208
-68
228
158
-24
230
256
300
-114
-78
138
270
-250
-194
-144
232
-20
86
230
-56
300
278
294
-154
248
18
294
26
300
-2
280
-266
294
112
-202
66
-178
-232
300
28
2
196
22
196
-212
32
-8
-102
-222
54
132
-200
-62
136
184
152
76
34
86
274
272
300
-238
54
276
-50
-162
40
-72
-86
-118
-76
154
-112
-98
-202
-202
-88
-122
-22
270
212
110
-38
-172
66
-68
84
168
24
-158
-30
36
100
-58
300
-60
-118
-78
300
-104
-92
-126
276
296
34
300
4
134
-140
262
300
80
300
-84
116
300
20
26
-162
-296
-4
182
70
-282
-140
160
-84
182
-102
-174
226
298
20
-200
-250
-130
-80
300
190
-48
-28
-26
-138
-106
244
-94
12
-102
-228
-210
-4
-182
242
300
14
-86
182
-176
-218
-182
278
-216
92
46
-146
-140
162
-72
-226
138
-140
70
54
134
-86
300
208
-58
256
52
-216
288
-130
164
-208
70
240
-10
22
-124
-4
282
42
282
-84
152
138
258
-24
-186
-74
-38
166
-98
148
228
288
-44
58
-90
260
296
300
280
156
100
160
-16
130
20
-114
266
-128
-176
262
-214
12
126
32
68
246
240
-66
300
-180
-76
294
-76
-58
144
188
110
-20
206
276
-36
-178
-104
-180
-160
300
-26
-186
84
196
290
-112
270
-118
98
156
8
-50
76
264
286
-20
-52
56
278
-152
-130
-52
112
300
-262
72
110
30
216
-2
-66
300
88
-214
54
-148
58
262
150
-70
-230
276
298
-30
146
-32
-218
-42
300
240
246
138
-28
-18
266
156
134
-38
108
-26
28
46
-154
220
-56
66
44
288
120
-132
46
294
-134
300
28
20
-280
-156
68
-126
-142
300
-74
-146
20
20
-10
4
46
48
22
300
-38
-104
88
236
-180
-74
-180
218
90
300
-140
2
228
-260
-114
300
96
-102
-170
-102
64
120
-48
-140
-154
172
12
-54
-54
-272
26
174
300
296
-92
214
-26
146
-200
-42
-14
-14
300
-52
-36
300
-94
56
20
-14
200
-168
10
282
76
230
230
282
-226
114
122
-58
-122
286
-40
-110
240
32
-176
298
294
174
-204
122
16
44
132
-34
-58
-278
16
110
52
154
156
-28
-110
-78
290
-44
-86
-66
-4
72
80
-220
300
300
96
222
-82
300
294
-158
-132
24
-202
-122
12
-200
-74
298
76
36
-104
300
-60
-104
300
236
-22
300
8
-44
52
96
-228
142
88
256
132
290
202
4
230
12
-82
-116
-56
-206
-140
300
294
-136
8
214
64
300
-210
86
128
-58
-118
36
-138
44
-196
284
2
146
-196
300
26
136
-80
150
242
10
-54
296
-132
36
-36
-46
114
92
-30
270
-98
288
182
92
242
84
300
300
-104
268
300
-20
18
-86
294
300
250
224
-82
-4
296
38
-114
-216
-36
-92
22
-58
54
80
-4
-76
300
258
-172
26
-76
14
-24
-216
300
260
-194
300
298
298
-36
-52
-14
76
96
-158
12
-54
-56
286
-18
300
94
-192
-154
284
286
190
262
62
-12
-116
-14
300
-16
110
94
-18
-26
300
200
252
78
146
-256
300
278
298
-44
-6
290
-70
300
52
18
-16
34
12
-166
-38
292
-2
48
18
4
298
-16
242
74
-106
-122
-184
294
-54
102
-54
24
22
-174
20
-28
292
-64
300
-212
112
128
-54
110
70
82
52
-182
154
172
300
300
208
-94
-106
116
300
-96
298
-52
-82
-28
-198
298
18
-114
120
120
282
24
180
40
108
280
270
-76
300
288
-162
250
-80
-60
296
300
300
300
-162
-54
-172
-34
-144
182
-118
66
2
154
-126
-120
284
-86
-174
152
12
106
-154
12
300
-182
198
-8
26
118
158
222
78
-248
-54
-44
-36
298
300
16
-218
224
202
32
114
24
300
-100
32
92
-116
104
296
26
288
66
288
294
-72
-22
144
-122
-126
-142
-108
-108
-132
98
80
-166
172
-108
94
-232
-44
-140
-214
140
216
300
112
50
278
296
178
176
-68
-84
22
-84
276
114
300
-274
-34
100
-62
194
76
156
82
-42
90
-168
-86
300
300
64
-112
298
38
22
-2
236
-154
-172
-272
-254
-2
-184
22
120
-242
-4
266
-62
-230
136
228
-158
-218
-212
-8
296
58
224
-88
-174
-186
50
-88
-72
-132
16
300
190
40
72
152
274
300
300
-74
-28
82
300
298
-46
300
-124
136
-142
-70
268
-134
300
168
-126
172
-182
26
-208
-236
-88
234
-146
-28
-160
262
160
298
126
-44
180
144
168
-120
-86
220
-16
-88
-60
186
78
-28
56
44
-128
162
-166
-36
18
154
10
-124
-94
38
180
300
48
300
-108
300
-60
212
-118
210
50
-38
-26
144
142
34
300
42
-204
22
-4
118
136
208
278
150
12
132
294
116
-34
-80
218
36
268
300
266
60
268
288
164
44
122
-68
-202
256
-146
300
-92
76
242
294
212
-178
290
-12
-226
-50
142
-84
270
-118
236
-142
-46
44
300
138
300
-34
42
-2
-228
-138
104
-58
16
276
222
300
300
-62
-196
242
284
-284
-200
-162
-194
-92
-134
300
300
16
138
166
10
-8
-102
290
-250
-158
300
-38
-16
46
-44
-50
-92
-80
-18
32
64
180
60
-216
258
-96
74
194
114
-112
216
-88
190
-124
-174
-262
-168
-12
286
242
-74
34
-100
232
264
300
-192
-176
-54
-64
-24
-230
52
182
40
-176
300
-92
66
24
-214
140
52
178
-52
182
-22
218
-12
-94
250
252
-86
-184
294
276
300
-248
28
-150
-98
300
298
298
16
94
112
-256
300
156
242
-126
-88
-128
-118
300
-16
166
-206
232
230
32
66
-152
300
-8
236
298
110
-66
110
300
232
278
-46
-6
54
-160
-26
248
-42
52
32
-12
36
192
-214
178
-128
300
-108
-270
232
292
222
114
282
-30
64
300
124
164
286
252
284
62
270
82
160
-98
210
36
-240
-94
-26
296
300
134
280
300
298
-110
234
160
-132
294
144
-222
18
34
-226
-18
90
-24
22
78
-96
2
300
124
298
126
42
-74
-6
-230
300
244
292
164
186
228
2
22
300
-58
-246
-204
236
-218
-6
294
90
68
270
170
236
282
-98
154
220
182
-106
-96
148
-214
-198
14
52
34
270
-166
300
58
96
214
114
52
112
34
-112
280
-74
198
-158
-214
38
-94
-82
-94
240
300
-126
-80
48
14
-72
296
26
220
-30
-80
-258
86
-168
-48
-10
192
-24
-106
232
128
168
-164
32
4
178
-86
300
36
142
120
-12
-60
144
152
-92
300
180
-142
-184
-70
-170
-130
254
-36
-156
292
48
-42
-180
-182
8
100
300
-78
-144
-192
-56
160
300
4
80
274
300
4
-152
296
300
290
-76
42
-32
120
-122
-2
-164
-14
-66
12
274
114
-160
256
218
36
300
52
26
300
-10
104
-204
300
-224
44
300
134
154
-14
28
-194
248
90
-66
-94
-92
-120
218
12
300
298
-160
286
298
298
188
132
120
6
-90
-48
152
258
-240
-26
150
34
112
156
264
300
-180
-228
84
300
-118
38
168
56
292
106
296
144
240
-228
154
212
300
-180
-88
134
-152
82
154
-30
-42
300
-218
238
198
-234
194
-228
300
-232
40
262
296
-14
198
182
170
222
284
130
-70
206
-104
-18
-10
64
-100
284
112
66
162
278
202
150
130
190
48
296
138
226
-100
58
54
-258
300
300
224
-18
0
-70
-16
140
266
-46
180
256
274
-228
134
296
24
-24
-184
-74
284
-252
238
204
182
-34
84
162
298
300
-188
300
-100
-224
-178
84
-94
300
210
278
300
-2
-170
298
-210
278
186
264
16
-148
278
300
268
188
-284
-182
-154
300
-168
144
-216
196
102
166
204
300
-126
-34
-88
-24
298
-40
102
176
-4
-148
268
238
300
38
-174
294
300
104
-270
222
208
136
300
2
300
-6
282
-54
-94
-202
300
-36
138
-98
300
300
18
-116
300
-66
-96
12
-112
232
38
284
20
-4
-24
-196
8
250
-248
52
-176
-188
-82
134
286
-158
300
38
300
296
-264
-160
50
-150
204
-12
-300
300
-158
-210
134
-72
24
4
182
286
90
286
106
-94
2
300
-152
300
-2
124
12
200
14
102
298
280
112
-40
46
-64
-76
274
50
-34
-22
-26
200
204
82
-84
188
250
-102
-152
130
186
4
228
-88
-14
-134
172
266
300
146
-76
-130
244
46
256
-88
-28
-202
178
-30
142
296
186
-178
210
-46
238
-254
166
-126
-114
-66
4
-154
286
-100
266
286
210
-66
100
-90
300
-140
48
-42
52
22
300
-164
300
292
280
-224
-32
74
-190
72
-132
110
262
98
300
-156
296
300
102
174
-196
296
108
-42
-208
298
148
278
190
62
80
214
-282
-42
234
10
108
118
36
-78
-34
-20
90
96
-166
-60
-288
-46
98
88
-60
194
36
300
26
218
298
-140
-90
300
30
300
2
2
-130
-52
134
-128
58
62
240
-72
228
258
-164
20
292
-44
144
134
50
-98
60
286
298
-150
194
-88
-150
106
252
-32
-142
64
-190
250
-132
-220
22
-120
290
36
300
28
-86
300
270
-206
114
22
298
-8
300
156
-80
300
260
200
-74
-276
296
300
96
300
218
-66
296
62
2
-216
144
6
-18
144
-98
-128
136
-60
-140
14
132
-18
-110
-136
84
-110
-200
-4
248
80
-124
-94
10
288
274
-190
4
96
168
300
282
290
-124
-76
-208
186
10
198
-124
300
300
260
142
204
-20
178
-168
68
284
184
284
-222
102
78
48
-6
-8
278
260
300
-248
260
232
300
-82
-150
252
0
-14
-160
96
-62
114
-188
-184
244
300
114
300
-156
112
-228
-100
298
300
-104
290
300
-206
-126
-122
172
90
-140
300
288
-26
-128
-84
-48
-10
-30
300
-122
-226
98
174
296
290
126
160
216
184
-142
300
-108
220
114
102
300
12
300
6
258
190
270
-72
166
132
-146
-164
142
-120
-104
38
-88
20
300
-162
296
-258
272
-202
214
234
244
-54
-86
-56
100
-200
-22
146
34
70
-30
90
252
-36
300
-18
22
296
-168
46
300
-38
12
114
142
174
292
-136
-182
-90
-212
-62
-190
300
-98
-124
300
240
290
212
-64
296
126
-272
226
122
-92
52
14
246
86
212
-88
-68
-62
244
152
272
-118
-102
68
290
84
268
24
-40
76
300
8
-18
300
176
208
36
-36
-24
-44
-4
-104
130
204
72
-130
128
-150
274
-76
-56
300
-192
270
-68
298
-118
246
-106
298
286
290
-48
284
-198
298
144
-176
52
-174
-4
300
-18
-48
28
4
296
138
-106
16
16
300
292
50
100
4
288
184
36
-38
-234
208
64
264
-38
298
-54
-18
42
-244
-26
-98
256
-192
296
208
-266
-4
164
-208
110
298
-38
-84
26
-90
-12
196
298
-62
198
30
-110
52
286
-98
68
-116
8
-26
292
-180
-200
210
156
256
-288
-160
-32
-36
74
222
18
188
298
-108
96
300
28
6
212
44
244
56
24
-114
-28
294
-198
-78
72
-164
8
300
274
20
-158
-18
82
206
192
288
90
-108
-36
60
72
300
300
28
170
-130
-96
-186
34
300
-112
-166
300
300
-178
-98
118
-184
104
126
60
52
265
86
-46
72
118
296
-192
-228
-76
-70
300
-66
-218
32
-74
284
6
138
-112
-36
-156
300
-38
124
-204
-198
-140
-52
12
60
-120
-132
78
268
-24
-96
118
300
300
300
52
204
34
-4
-76
204
280
82
300
264
300
-236
300
188
-114
4
-98
96
282
132
100
-196
260
132
-56
-58
300
-54
280
300
-238
274
296
204
104
298
-6
-22
-150
198
298
174
-84
-72
-28
136
32
6
298
282
58
14
242
294
270
-234
114
266
56
14
-84
6
-254
244
-224
80
134
-46
-158
-98
24
250
-116
70
192
174
-58
218
-114
300
-38
-4
-156
22
-226
300
18
-68
-238
82
-44
90
-120
-42
164
300
298
-186
-140
-114
-84
154
300
-212
-64
-222
-142
-138
-26
-82
8
-174
148
-60
264
300
278
300
92
166
-50
10
300
300
-150
-34
102
24
76
300
296
46
-52
300
256
-32
-146
-16
-22
250
282
-114
292
298
-46
214
-12
106
300
-152
284
-136
-44
-24
250
138
274
296
-76
-112
184
300
74
2
226
300
192
-18
300
42
-58
-148
230
40
32
-34
92
300
86
-140
268
86
-168
-134
300
250
-232
-218
-26
180
130
300
-138
70
-20
154
-236
126
-72
300
300
300
46
-58
186
124
124
-54
-246
298
84
12
122
152
6
212
174
296
258
192
-166
-218
170
-282
30
30
294
248
130
110
104
-54
2
232
-174
300
-176
-160
70
300
190
-196
110
-122
216
182
266
-122
-78
286
300
300
46
238
22
-220
-38
278
300
-238
300
-184
-158
276
-26
-96
-178
-140
300
300
274
82
296
300
50
-104
292
-118
-56
300
206
300
-14
64
220
62
-122
196
-124
84
-64
-154
-230
44
32
226
-112
248
-10
-82
286
-36
-182
300
-48
286
-174
-208
-24
300
36
-66
-70
150
52
282
16
194
156
256
-6
-76
126
214
-70
26
72
222
116
298
-116
194
274
-90
132
110
-142
-78
300
60
-158
-90
-244
-248
64
260
12
94
-110
114
106
126
-222
300
-284
58
-136
-32
44
-112
68
144
100
298
-252
298
-48
292
110
14
-20
70
-2
-78
264
-142
-22
30
-196
288
154
22
300
-178
82
254
48
2
-10
-14
184
264
-46
-46
272
-152
24
28
228
-134
300
-86
-188
-78
-22
182
198
162
-58
142
-124
190
-24
118
170
146
-86
300
-106
-62
-64
300
-250
-230
12
300
-110
-86
146
34
288
28
-18
-68
300
78
58
300
300
300
4
166
270
34
122
-176
200
60
112
-74
-244
-160
-140
300
56
-138
102
300
-10
-98
-88
-230
182
-162
226
-14
300
-74
-46
300
-96
290
-30
82
68
0
-16
60
76
-278
-172
300
80
-232
-92
-124
296
20
300
162
-28
36
154
248
40
-102
94
-62
-58
296
78
82
138
272
-164
-110
-84
242
-166
300
300
94
-18
-26
-2
292
-108
202
196
-236
122
-48
58
-182
128
106
-298
8
-62
-180
300
-136
220
176
-94
38
272
-170
260
0
-118
140
-144
162
-26
100
110
184
300
-80
146
216
-12
-64
50
34
40
292
180
300
300
26
-102
174
300
300
-10
70
-156
-174
300
292
-182
-100
216
142
36
10
-44
110
94
-102
-110
282
300
-192
300
-66
-138
-206
250
-48
-78
188
-74
156
300
164
56
-20
44
-170
264
-92
-104
-124
300
150
-38
166
-126
-174
78
-186
130
240
-116
-38
124
76
-216
22
-142
96
218
4
-52
76
142
-128
300
72
108
26
160
-144
36
300
-30
136
-118
6
218
-70
254
70
-66
300
-2
-42
296
64
154
-60
-2
-4
18
70
-248
268
-26
-124
128
54
292
-156
28
248
-90
122
168
0
268
272
188
-200
26
-150
52
286
274
50
-84
-18
-210
228
-140
-226
-4
300
-154
204
18
-260
-38
300
292
234
82
276
-270
-214
202
292
-130
300
158
82
296
52
254
4
-52
-160
-78
66
-60
12
300
-128
-152
222
158
-186
300
-160
6
-124
282
104
-134
-76
300
242
70
300
274
-10
300
-144
50
-22
276
-90
-74
18
-130
-128
278
-40
-256
-32
-28
96
300
-116
38
-122
300
-182
136
238
238
274
94
58
-48
-56
-84
-12
290
-100
260
0
-244
-206
256
-64
292
-94
-188
208
108
128
282
52
-246
214
-242
-82
-198
-54
34
-4
-96
-282
300
294
-104
-212
-84
150
-26
-100
300
-50
40
-20
60
-270
296
158
100
228
-238
48
298
-154
138
-216
-22
-214
300
-152
238
246
252
38
252
300
48
296
300
136
300
-140
274
142
300
-50
300
-64
26
300
300
26
-292
-2
290
-160
262
-40
-204
298
162
10
300
300
-110
182
134
40
296
44
80
24
8
240
296
298
296
-24
-62
208
42
300
-212
280
36
26
-32
224
48
162
300
108
166
-110
140
300
16
288
-98
-162
162
-4
-40
290
-30
-184
250
-26
-40
220
-102
62
-70
-88
-42
-10
44
42
278
178
-142
112
-136
-120
284
286
32
64
232
-144
-220
300
224
298
-92
-242
292
248
40
-300
-154
-42
298
-240
22
220
226
36
300
10
0
42
-64
138
18
270
-104
-14
-134
-68
300
220
-278
-60
220
-204
300
-18
-108
232
142
288
300
298
300
-34
300
-116
-42
82
298
38
-60
214
-110
158
-290
212
268
-40
294
-34
290
106
-44
-158
66
300
-56
58
-56
-202
-240
44
-64
76
-256
-32
156
300
-46
-242
300
208
-130
300
-144
124
48
-2
-86
298
194
-82
288
296
20
156
106
-72
-120
194
-182
290
228
42
272
216
224
2
64
-104
-276
-212
-208
42
-80
-48
-20
-198
300
-48
-110
-34
-106
-66
298
-88
8
290
128
-126
144
46
182
62
-18
300
-136
300
108
116
-14
300
0
274
300
-154
-210
-60
-124
290
-18
66
-10
-30
46
-280
242
254
-48
-72
-100
224
292
16
186
68
-98
300
168
98
300
88
296
164
-66
-226
248
298
-210
128
108
-222
-50
-130
120
298
-40
-122
70
296
296
-244
-74
-54
300
300
298
300
194
-84
300
34
294
-108
-16
-134
-174
-228
-142
-132
300
-84
-170
-86
-170
-36
98
-206
18
300
-82
-176
48
106
132
-70
162
292
300
46
-110
296
300
280
166
-6
-112
-150
-12
-86
228
-174
300
124
-126
300
168
-226
164
162
300
98
128
-228
104
-156
298
90
-134
102
272
-64
210
290
-60
288
-152
-64
-14
222
186
144
-162
-208
-158
260
-28
-148
-222
-50
-140
56
300
-60
234
188
-50
68
-218
142
-6
40
294
-74
296
-48
0
-186
158
-102
20
300
188
172
300
-102
-60
296
-2
280
-142
286
298
22
-172
-94
300
-20
152
-98
-86
-192
-176
-86
300
230
8
144
-44
-154
26
116
112
288
186
102
262
176
62
-148
210
264
52
294
30
82
300
178
300
212
-82
-10
172
-138
-72
22
176
-90
12
20
-56
108
146
300
-90
0
300
-188
142
-22
-74
220
144
128
36
-80
300
-104
-78
218
-74
128
-108
-66
300
-52
298
160
300
-30
-180
300
24
154
-28
162
300
-144
300
-170
234
-162
170
4
-24
46
0
168
-292
18
130
106
244
226
258
294
298
-84
300
-232
130
300
30
194
28
-200
134
198
-160
-200
-122
-40
-230
-66
300
-4
300
152
-168
-250
-148
300
-136
296
-188
274
-226
-144
66
-10
74
134
-130
300
270
-18
-82
-178
42
298
-14
152
150
-286
-208
274
76
276
184
54
-196
194
-96
42
-58
-86
160
280
56
298
-230
300
294
266
280
202
190
-12
-94
-24
118
112
300
-170
-162
18
98
300
42
-88
26
112
-116
-12
-140
-20
108
-36
18
-204
190
-108
-92
16
274
-98
292
-216
290
-84
-190
24
274
-48
-68
298
38
296
300
-4
300
130
-138
154
-134
-102
88
-10
-10
-46
300
84
-66
300
278
64
-170
-64
-254
138
10
278
-10
300
298
126
58
278
36
-176
-66
292
-16
188
-42
100
112
-204
18
228
274
290
-40
140
296
-18
-170
-236
192
300
300
-172
198
-196
12
58
300
124
-16
-44
-170
-90
40
0
-104
-8
28
48
300
46
-40
-184
68
106
-16
116
278
-16
2
298
286
42
216
-194
-34
252
-64
-72
74
-10
-226
-118
-104
300
4
-76
-64
-182
-2
300
8
30
80
-118
30
-4
300
-52
-12
-100
44
296
4
96
120
172
-44
-104
-132
124
300
226
104
-280
-110
-16
298
298
300
-84
-102
-158
-126
0
110
80
242
92
-62
300
136
198
136
222
-68
182
300
-54
242
-46
-190
300
300
202
-182
242
22
198
182
-134
182
80
-122
300
300
-8
300
102
-48
296
-44
-12
-220
66
130
242
-158
142
-8
20
300
134
132
-146
124
266
280
64
-168
300
-46
300
-264
-20
-26
40
130
-8
48
-42
208
30
-36
-88
-232
-134
-174
240
-206
-220
162
14
-12
278
102
206
298
280
272
120
-42
14
174
126
132
90
-26
-60
48
56
-54
240
268
34
212
-60
20
292
174
-154
18
288
-128
80
176
190
300
-68
54
-266
298
-134
-208
24
78
128
-88
132
132
122
-10
-204
-130
300
-68
262
300
-2
-112
-110
-186
-180
26
300
40
182
282
-126
-48
216
300
-88
98
300
262
300
100
224
-42
238
-176
-150
-88
98
300
108
78
-216
-106
28
-222
272
168
-20
300
-152
188
294
296
168
242
294
118
78
-66
58
-152
300
-2
-20
240
22
248
96
52
140
84
144
234
300
300
292
54
-14
40
60
298
90
-26
36
-120
128
300
-210
-44
8
-98
148
26
300
-176
290
-120
92
120
-206
184
166
-36
272
-260
260
-58
-62
-132
-2
56
-192
-50
-162
300
-78
-106
-74
300
-110
-74
-126
300
300
270
-202
-152
300
138
156
92
298
98
20
-110
-114
-110
-146
70
-178
86
-8
56
-22
62
300
300
150
-4
54
300
-38
-6
292
-206
34
-56
-68
174
300
244
-88
34
298
76
-266
-182
-174
294
-94
282
54
32
138
194
-156
224
160
300
-20
254
132
-226
222
300
298
138
-170
-56
296
-50
216
-96
-202
108
-6
132
-196
300
-246
-84
-186
-150
0
142
208
120
36
158
246
202
82
300
4
210
284
300
238
288
282
178
116
-140
-100
-56
68
-168
-100
-236
-82
300
166
22
-58
46
300
296
300
284
-158
-138
176
68
300
290
-28
-170
120
-138
222
-144
296
-8
110
-2
286
104
-118
244
-152
126
-48
0
26
-70
142
-176
-52
214
94
300
-146
110
166
114
300
24
-154
-40
190
-174
-14
264
288
4
-86
-38
44
-48
146
234
-56
300
-170
270
-152
262
-210
164
126
46
300
148
300
198
300
-32
-86
-164
-226
-140
266
258
-66
78
-184
300
200
-68
66
138
300
-38
114
-110
120
298
216
-2
68
124
40
204
-282
-222
296
14
-126
100
20
300
274
122
-52
300
80
48
-214
112
18
296
274
140
-122
10
300
32
36
300
-100
128
158
-84
244
266
-10
-106
284
-252
290
300
206
106
144
-204
300
62
-154
98
-46
282
162
300
-94
134
-176
198
-80
-78
206
300
298
298
300
-80
-238
218
8
136
282
242
-114
-98
170
146
-8
52
-18
-158
300
-24
180
-16
148
-134
132
-26
300
58
14
-20
-222
-84
-84
-228
34
14
14
224
296
-18
4
-48
-182
-120
24
22
26
-16
34
300
18
254
-22
300
-104
-92
-70
-148
-84
66
-266
-54
208
-94
-136
-94
-172
134
-164
298
184
284
300
-132
-102
136
-284
264
72
80
68
-132
-46
278
-88
66
-6
46
300
296
-26
298
-44
-214
-166
-98
10
-128
-136
244
-84
26
66
12
-12
-76
84
-54
238
290
214
-202
-138
46
-142
-60
300
-16
-226
-16
-64
-62
300
-32
178
-70
268
62
-152
292
64
42
300
196
-270
288
28
64
288
-40
184
58
294
-176
274
252
300
244
294
278
242
-98
234
60
-264
26
0
-226
-152
-46
32
-12
-214
46
46
234
-88
200
40
38
236
66
254
202
88
-4
210
300
-44
48
-46
-158
-172
-190
298
60
296
294
-34
-58
-292
-82
-38
114
-40
284
100
220
300
-192
112
-48
234
74
6
-150
114
300
-64
14
-106
110
30
-234
300
92
-112
30
300
-124
-60
290
10
298
300
-98
-100
-114
252
-168
-108
-34
72
74
10
278
-36
-86
-12
292
272
108
-144
-94
26
32
92
-184
10
-4
-236
300
-54
144
292
-12
300
-68
-152
58
-150
84
-272
-226
-28
-116
-124
104
230
-180
-176
298
268
-18
242
60
296
-152
206
-160
242
50
296
52
290
98
-24
-242
122
-132
-6
50
138
-198
200
-116
298
-32
-186
-80
300
300
-74
32
28
0
130
126
50
16
166
300
164
212
28
-144
266
-34
284
-150
-126
300
296
300
-242
300
174
-200
80
296
300
-176
-134
132
-174
282
284
230
-154
298
68
156
156
-196
-144
-96
260
294
-8
188
300
300
-40
136
100
112
42
138
164
-224
112
298
78
128
-58
-156
238
-14
132
-234
154
-82
266
64
214
-54
142
168
300
-76
212
-188
128
288
22
-74
-210
6
-156
300
300
34
-130
-200
38
76
-202
-100
172
280
300
122
-96
-124
216
-194
300
-100
54
96
-60
282
34
-162
-160
-64
-52
282
-26
-102
296
-258
58
-20
-128
14
106
182
202
82
-20
-116
300
280
-184
278
30
244
-176
-216
-86
300
100
132
300
114
-104
44
216
238
110
36
290
-160
-248
90
282
54
230
298
92
142
26
14
-210
280
-218
-32
54
300
300
68
278
-162
58
-40
116
300
-212
-234
272
-148
-84
26
-30
-24
-276
-2
-30
56
284
-52
16
146
-44
-122
290
-248
-10
-182
52
-8
-62
134
114
-52
282
-84
104
74
-174
300
-130
300
222
56
-44
166
-70
262
-58
-134
-146
248
20
268
300
-40
-218
-140
76
298
-140
62
74
300
-198
-6
-210
104
26
66
-166
300
-16
176
-156
-2
-146
-64
-224
-78
292
-32
-148
166
196
86
-2
280
-130
130
68
-170
300
300
-106
-72
-32
300
102
260
198
28
-6
-160
-40
-18
260
-116
0
300
-54
-44
-184
286
296
-72
106
-186
192
128
-180
164
-22
-152
184
242
0
150
-34
296
276
8
-108
-266
-58
194
220
238
-78
2
-132
48
168
-30
-144
230
0
-64
296
240
-6
222
-180
228
154
-38
270
288
-80
-240
70
-106
-90
-140
-200
-114
-8
298
284
-124
300
-142
300
282
300
292
292
-102
76
298
-170
248
300
-74
190
-16
-46
-152
294
300
106
-26
292
-60
66
-34
-254
-144
42
130
260
46
198
38
122
86
226
86
-92
300
124
24
104
-166
-20
88
94
300
88
192
292
108
278
152
140
268
254
276
28
238
168
-196
20
-88
-34
134
-184
152
180
-108
28
300
82
-42
18
-136
-16
-6
6
260
-34
-206
-74
124
10
-32
282
200
248
-272
40
-166
-80
92
-76
286
-264
284
-146
-26
-164
-228
8
48
-142
-208
112
218
-68
274
232
-68
282
290
300
214
58
280
-94
46
206
-6
-102
300
-152
250
-94
232
-94
236
-38
294
110
-124
-10
300
248
-44
-150
250
268
190
-232
10
110
104
-60
300
-82
300
298
138
300
242
-98
26
-96
-88
240
300
-160
298
-152
36
-142
296
-86
300
298
300
168
-244
180
192
292
-240
122
36
-182
300
300
-168
114
-122
136
162
-232
300
10
-140
14
198
-98
218
300
22
246
-152
18
80
-190
-198
294
-74
-152
50
152
64
-144
82
-150
80
300
44
30
-182
-196
-216
66
206
-94
68
-158
294
-276
148
208
300
138
-132
-204
236
296
300
298
-198
64
300
20
-12
226
258
-184
-32
300
296
-96
-280
160
126
-218
296
222
138
108
300
-10
38
-190
134
130
-122
-88
-6
-236
-108
254
300
-58
150
246
18
300
-96
264
296
240
216
-164
10
240
64
94
166
50
-16
44
-214
-92
300
-130
218
-46
-58
-132
52
-108
18
28
-22
56
122
-62
-18
46
48
278
-184
-88
42
-88
28
-42
-40
280
188
-18
-144
300
-24
222
-270
250
298
2
-60
-100
-24
-198
38
262
122
240
-142
-120
208
22
-44
-148
-146
-244
144
-20
236
-158
-36
-182
80
-14
28
-78
92
298
-130
-126
68
20
300
-4
70
300
38
-146
-80
-94
90
300
296
-66
78
30
-124
-188
190
8
-132
98
-8
166
-132
-178
46
258
108
-172
156
-172
-138
296
196
298
144
72
-200
58
300
300
-290
290
262
92
-52
-52
252
66
300
12
246
36
276
-116
-112
-40
228
-126
196
-50
-56
-94
22
300
-172
-116
298
300
64
-72
300
300
174
-104
278
58
14
-220
150
68
-86
300
-212
80
94
-80
2
242
36
300
-52
-14
300
-78
6
-52
222
-60
32
296
112
-210
82
-78
132
300
-184
86
190
-80
300
-156
296
-92
134
96
-130
-206
98
-58
-96
296
300
-86
290
-2
56
-24
-86
-74
106
-8
300
144
300
272
-22
-26
-120
242
108
278
-248
294
-90
294
16
108
156
-54
272
158
58
-74
300
-8
120
236
8
300
166
300
-192
142
42
24
-84
42
144
300
-32
76
-232
298
270
122
300
300
-192
280
-10
-72
-14
300
-104
300
40
42
296
-14
18
92
-94
-148
130
70
-28
132
-72
300
300
102
240
-4
92
-14
220
140
98
8
300
-28
300
182
90
114
-42
200
-42
300
-18
-2
-152
300
-134
258
240
-186
-46
-76
272
56
298
20
-180
-98
44
-90
298
300
236
254
-6
-4
224
236
0
-120
268
234
284
-6
246
130
-118
-2
126
300
-12
-94
-92
-266
-116
-244
10
-90
-48
56
300
28
180
-32
-18
-234
-12
96
-26
224
-86
-228
-222
6
300
-146
-110
-2
212
-90
122
-52
300
300
-128
-100
300
8
190
-114
64
106
-24
300
250
-126
300
-152
-84
108
-192
198
36
-208
-86
168
72
152
-44
204
-142
-98
-154
18
58
198
68
152
-188
164
-72
-148
78
184
296
292
300
14
-278
120
34
-38
290
298
268
78
300
138
-110
100
-2
300
300
-52
296
174
-68
218
-166
298
82
80
-148
-38
216
252
-118
-198
232
-38
-66
276
298
200
140
46
40
140
-54
-186
300
-232
-166
-94
270
-52
244
6
-12
140
292
-80
282
190
202
102
142
-88
-16
244
294
-174
-176
114
-242
262
-28
290
-124
-2
86
-20
286
-190
78
0
-122
42
238
68
300
22
8
298
300
-258
106
298
42
174
264
300
282
28
296
158
194
268
90
112
110
-56
160
74
140
18
-24
-6
-22
-290
290
300
300
-92
-144
138
-106
178
-2
300
-220
2
-72
-14
60
38
-42
200
10
-152
70
-104
294
208
-102
300
70
-156
212
-212
206
-78
2
296
206
296
298
200
-22
-188
-154
-176
-184
-68
-144
248
180
-32
298
292
-234
64
-146
14
202
4
30
146
38
292
-186
286
60
300
-178
292
56
226
-50
34
246
146
274
-98
294
192
10
-248
94
230
-44
226
-52
168
-82
298
52
-176
264
-172
-170
236
20
250
300
-62
200
-172
298
10
-26
274
12
254
114
194
300
-96
254
-80
-16
248
-192
110
266
300
146
78
138
52
-30
238
138
-16
-124
28
190
-2
30
300
-170
-172
74
-70
-14
-136
8
30
-186
300
-252
62
94
300
-212
-168
-76
-88
-16
-186
226
-210
152
88
-224
300
116
272
20
246
296
-94
-64
-98
-200
164
-40
168
-92
-236
-70
204
90
222
-16
300
256
144
300
-80
-58
300
300
-62
-196
300
-106
-18
88
50
-20
96
140
-182
-130
252
44
22
226
112
-136
-22
-242
-256
-124
300
298
-70
300
-36
42
-172
300
28
-118
72
-106
110
-198
300
76
190
288
148
-90
260
-62
-68
182
300
-166
-188
8
114
-100
12
-142
174
-162
64
-198
-200
-40
-66
12
-280
52
-248
16
300
300
-48
-52
38
94
26
300
-176
294
246
-4
-114
300
-224
-22
-42
-174
190
-10
-8
60
296
300
-222
-116
-78
-122
268
0
-94
-4
218
300
300
58
-222
300
-134
196
300
26
-216
38
-124
86
270
74
-20
80
300
48
-94
210
126
-86
86
-88
-102
238
-166
118
-114
298
72
230
90
296
32
-36
114
-104
-50
-16
90
30
26
74
286
296
262
28
116
-50
-138
-4
0
-122
256
250
284
-150
136
10
-86
-114
-22
100
-92
-20
-222
-14
242
182
-54
-218
252
146
96
56
-124
-136
46
44
300
34
218
130
128
-262
62
-152
-70
300
214
300
134
296
-26
138
-210
4
278
-186
-48
-18
300
4
-138
-108
-148
-230
248
176
-64
-96
80
-128
-186
264
36
32
4
138
234
54
52
-126
296
300
298
190
198
-28
264
300
104
-230
-188
158
-54
296
-164
90
-82
-174
258
74
-56
300
80
248
26
-28
228
190
270
-112
-184
-162
30
218
76
228
148
-172
274
78
-90
-170
282
300
-16
-18
156
174
208
228
286
14
300
-136
78
126
212
300
-16
-108
214
-180
300
280
58
300
-12
46
34
98
122
-88
160
118
30
-48
118
-120
-106
300
250
-234
300
-12
74
-22
-134
290
164
72
-260
-182
298
144
-76
180
-28
62
-76
-188
-182
-54
286
202
110
-36
256
156
-222
-144
222
-146
-92
-40
0
204
-90
-112
300
118
-108
-18
-248
102
-88
-166
-10
-210
112
-52
14
-208
28
190
-46
68
166
-116
152
60
-130
-60
-70
-48
300
-4
300
280
266
46
220
10
248
164
244
-30
106
-162
-126
300
300
-108
280
-208
-122
300
300
278
14
24
156
210
46
-44
-2
